Query: 301
[112494, 5.597601]
[37799, 5.516862]
[38262, 5.442148]
[15449, 5.396774]
[31202, 5.273255]
[129643, 5.273255]
[16402, 5.245066]
[410, 5.23019]
[51927, 5.207379]
[454363, 5.201022]Query: 302
[413960, 11.618722]
[37100, 10.724597]
[487786, 8.670158]
[106300, 7.566099]
[524765, 7.134163]
[131078, 7.099915]
[18736, 6.93684]
[518439, 6.731545]
[444416, 6.642026]
[37119, 6.602862]Query: 303
[520495, 12.327408]
[441085, 12.280645]
[312398, 12.179942]
[425240, 11.986329]
[474972, 11.89416]
[415054, 11.546924]
[359816, 11.472554]
[495156, 11.451614]
[474971, 11.382517]
[517428, 11.359453]Query: 304
[182107, 11.391168]
[148459, 11.261757]
[141745, 11.243321]
[151144, 10.960524]
[150517, 10.928338]
[159738, 10.924258]
[143844, 10.780026]
[156805, 10.731934]
[163307, 10.671919]
[159739, 10.640507]Query: 305
[454225, 4.777449]
[137134, 4.668601]
[456966, 4.401416]
[433713, 4.368739]
[100995, 4.311047]
[341423, 4.302241]
[422492, 4.245361]
[410850, 4.213875]
[75857, 4.190099]
[495856, 4.181966]Query: 306
[496145, 6.739329]
[302629, 6.419081]
[57055, 6.306321]
[20006, 6.191102]
[317197, 6.148678]
[258477, 6.060647]
[6974, 5.809803]
[99444, 5.775187]
[503003, 5.757086]
[188, 5.724871]Query: 307
[85839, 6.812545]
[42331, 6.689898]
[52516, 6.678002]
[151877, 6.653028]
[2395, 6.506657]
[127856, 6.357191]
[502179, 6.340665]
[134963, 6.276138]
[184871, 6.26429]
[54174, 6.257536]Query: 308
[499127, 9.034576]
[131031, 6.786464]
[131027, 6.37817]
[131033, 6.351818]
[335447, 6.298855]
[131029, 6.275989]
[131032, 6.025521]
[149520, 5.987531]
[141320, 5.984573]
[24363, 5.853163]Query: 309
[458810, 5.742021]
[491924, 5.678931]
[523014, 5.490864]
[507497, 5.230936]
[437404, 5.194047]
[482313, 5.177005]
[484410, 5.162841]
[495042, 5.160069]
[505287, 5.153198]
[392438, 5.122363]Query: 310
[226322, 10.732366]
[433826, 8.172952]
[399698, 7.292257]
[204150, 7.168403]
[300810, 6.875313]
[202211, 6.803245]
[456166, 6.627935]
[448298, 6.569695]
[385451, 6.19166]
[385613, 6.19166]Query: 311
[385669, 6.442461]
[80767, 6.189095]
[219087, 5.949906]
[11857, 5.801389]
[350715, 5.472968]
[120309, 5.418627]
[387614, 5.414331]
[19690, 5.369653]
[273276, 5.273937]
[108159, 5.197722]Query: 312
[513307, 6.527275]
[491802, 6.272913]
[471871, 5.797121]
[6467, 3.681261]
[435718, 3.661255]
[135364, 3.472541]
[162694, 3.030035]
[257571, 2.946116]
[167420, 2.779974]
[457441, 2.716456]Query: 313
[41183, 15.065705]
[526317, 12.758051]
[101909, 12.431737]
[91322, 12.368434]
[503265, 11.792878]
[11105, 11.703925]
[409255, 11.69653]
[69594, 11.171821]
[380947, 11.098963]
[432858, 10.783293]Query: 314
[482411, 4.617643]
[448933, 4.551612]
[457150, 4.505592]
[236518, 4.462484]
[513241, 4.287394]
[525451, 4.257886]
[198554, 4.246431]
[198010, 4.242502]
[509417, 4.230077]
[138858, 4.195752]Query: 315
[158551, 7.496748]
[508525, 7.107514]
[251063, 6.798727]
[522592, 6.250067]
[513994, 6.231029]
[25738, 6.219866]
[418917, 6.143153]
[403621, 6.114724]
[169923, 6.030623]
[474013, 5.983515]Query: 316
[266599, 6.273403]
[350507, 5.585662]
[477238, 5.286188]
[300447, 5.041415]
[228047, 4.954168]
[526527, 4.512067]
[327404, 4.427658]
[277269, 3.577865]
[465817, 3.571385]
[332610, 2.788687]Query: 317
[433553, 9.584874]
[408733, 9.062581]
[440254, 9.021939]
[516889, 7.653078]
[205956, 5.982408]
[259492, 5.801013]
[265419, 5.30165]
[508407, 5.089599]
[334969, 4.597822]
[487893, 4.578742]Query: 318
[442346, 4.805456]
[295018, 3.959632]
[105598, 3.850568]
[415538, 3.701362]
[270588, 3.681203]
[357154, 3.678574]
[479012, 3.666812]
[522987, 3.641414]
[2449, 3.636637]
[319632, 3.62737]Query: 319
[181557, 4.887721]
[14570, 4.812139]
[25320, 4.805538]
[74638, 4.805538]
[53236, 4.751327]
[91424, 4.751327]
[127473, 4.685604]
[127411, 4.675501]
[169340, 4.647483]
[58239, 4.607765]Query: 320
[47065, 18.912759]
[41124, 14.11302]
[29110, 13.250351]
[166763, 13.122978]
[29154, 13.050662]
[71765, 12.892081]
[285575, 12.859676]
[29153, 12.836543]
[166769, 12.750101]
[166764, 12.464914]Query: 321
[280168, 4.858151]
[507662, 4.821342]
[306168, 4.765107]
[498344, 4.746716]
[203913, 4.724345]
[356118, 4.633763]
[262877, 4.520506]
[318635, 4.497362]
[204051, 4.463878]
[125730, 4.407294]Query: 322
[397992, 5.534026]
[449934, 5.150795]
[362334, 5.023377]
[307112, 4.619945]
[211827, 4.438016]
[425382, 4.407117]
[489313, 4.374901]
[501825, 4.316451]
[257140, 4.274449]
[290039, 4.245656]Query: 323
[435700, 8.562655]
[339751, 7.519664]
[416395, 6.603541]
[416396, 6.559717]
[411668, 6.295315]
[434869, 6.215247]
[471562, 6.052469]
[264950, 5.820196]
[112308, 5.426163]
[410431, 5.403527]Query: 324
[41431, 7.333307]
[41632, 7.075455]
[54330, 6.689076]
[41525, 6.64282]
[28759, 6.587476]
[261188, 6.558386]
[294089, 6.541865]
[317089, 6.5221]
[343378, 6.515444]
[41576, 6.500748]Query: 325
[6877, 5.354856]
[486861, 5.35261]
[418546, 5.133]
[394067, 5.125249]
[383683, 5.10443]
[383691, 5.10443]
[463769, 5.098867]
[501357, 5.041971]
[6876, 4.986396]
[260495, 4.963302]Query: 326
[385890, 7.927066]
[393583, 7.691504]
[329624, 7.680035]
[380930, 7.675304]
[380499, 7.646209]
[392814, 7.626857]
[323502, 7.531411]
[387219, 7.498444]
[233988, 7.36721]
[382331, 7.337969]Query: 327
[194049, 5.545151]
[516406, 5.457774]
[234810, 5.401661]
[461289, 5.388382]
[356057, 5.373152]
[348788, 5.210088]
[491349, 5.153626]
[127019, 5.136126]
[460136, 5.115556]
[258069, 5.003651]Query: 328
[206249, 9.725523]
[303116, 9.553866]
[495835, 8.455774]
[206000, 7.962632]
[454951, 7.615187]
[525695, 7.17467]
[377330, 6.459373]
[215047, 6.123183]
[424228, 5.325657]
[118816, 5.259674]Query: 329
[511627, 7.460282]
[525053, 7.413346]
[307960, 7.288782]
[310539, 6.837153]
[316454, 6.811895]
[527737, 6.686243]
[399705, 6.646065]
[489311, 6.503778]
[518349, 6.361328]
[318420, 6.130746]Query: 330
[27209, 8.86103]
[44174, 8.674906]
[44173, 8.644249]
[498376, 8.131811]
[27331, 8.099567]
[19399, 8.08041]
[74709, 8.018552]
[119267, 7.890495]
[7647, 7.881709]
[107300, 7.84084]Query: 331
[190827, 4.588257]
[192728, 4.415841]
[277459, 4.359929]
[297530, 4.303415]
[229752, 4.298437]
[323597, 4.24129]
[342671, 4.166957]
[286553, 4.154266]
[312780, 4.10751]
[265550, 4.076176]Query: 332
[509504, 8.215222]
[347031, 7.804894]
[45047, 7.720671]
[460930, 7.718571]
[211291, 7.547504]
[228581, 7.452042]
[384434, 7.426508]
[238203, 7.379425]
[303229, 7.314786]
[420144, 7.299872]Query: 333
[186189, 12.002851]
[329989, 11.277674]
[502164, 11.034381]
[301819, 10.927977]
[395939, 10.803018]
[176897, 10.593682]
[52250, 10.1584]
[282956, 9.711313]
[298993, 9.60642]
[443998, 9.543439]Query: 334
[322483, 7.237042]
[164260, 6.719866]
[367501, 5.971703]
[269583, 4.858556]
[132820, 4.758051]
[166445, 4.735001]
[120388, 4.104938]
[219404, 4.007938]
[21218, 4.007019]
[38197, 3.98303]Query: 335
[453825, 7.975092]
[494284, 7.965912]
[471286, 7.681311]
[136125, 7.606412]
[481371, 7.028902]
[453853, 6.053458]
[460629, 6.017853]
[501981, 5.826595]
[429890, 5.760308]
[481935, 5.64381]Query: 336
[469271, 5.12353]
[400741, 5.015453]
[362491, 4.931135]
[92257, 4.862197]
[448023, 4.812357]
[420019, 4.755765]
[168038, 4.712085]
[154450, 4.710773]
[474621, 4.6342]
[446998, 4.632197]Query: 337
[176698, 11.782191]
[25201, 10.77181]
[519682, 9.734971]
[61746, 9.671651]
[61661, 9.24613]
[25200, 9.19483]
[18755, 8.821747]
[18758, 8.637622]
[24317, 8.425442]
[71962, 8.378828]Query: 338
[247139, 8.949406]
[481505, 8.352634]
[236556, 8.132314]
[504083, 8.05787]
[474908, 7.064289]
[425786, 6.771274]
[519255, 6.746551]
[459653, 6.468211]
[487278, 6.446246]
[507393, 6.410416]Query: 339
[459504, 10.702294]
[290730, 10.122374]
[400484, 10.090005]
[278919, 10.084813]
[259463, 9.898664]
[208288, 9.46536]
[204947, 9.194747]
[458727, 8.722583]
[166498, 8.378798]
[191985, 8.255529]Query: 340
[242225, 7.780863]
[519026, 7.742098]
[7716, 6.634759]
[338682, 6.423825]
[112659, 6.273305]
[237174, 6.056971]
[497961, 6.048665]
[339851, 5.682176]
[237013, 5.551998]
[457673, 5.433483]Query: 341
[518205, 4.580675]
[244021, 4.471933]
[21806, 4.440439]
[80425, 4.369703]
[456562, 4.359715]
[36708, 4.329992]
[456607, 4.307672]
[274533, 4.300967]
[166960, 4.28453]
[6975, 4.283372]Query: 342
[377093, 7.899427]
[25668, 7.500804]
[81976, 7.135365]
[242063, 6.913786]
[16580, 6.885564]
[295455, 6.872865]
[25553, 6.824802]
[306779, 6.817567]
[306761, 6.79901]
[58603, 6.76559]Query: 343
[523584, 4.835005]
[415101, 4.783107]
[201788, 4.759381]
[449176, 4.733767]
[520513, 4.722689]
[466978, 4.694447]
[364186, 4.652224]
[504289, 4.64382]
[447901, 4.639963]
[270086, 4.626817]Query: 344
[174766, 5.95371]
[377073, 5.783239]
[174767, 5.751873]
[174761, 5.69271]
[174764, 5.668016]
[205408, 5.664336]
[242195, 5.662564]
[174765, 5.583429]
[201290, 5.48956]
[174763, 5.325936]Query: 345
[206317, 6.708223]
[302418, 6.512106]
[278916, 6.428234]
[493017, 6.35809]
[326141, 6.14551]
[400249, 6.103689]
[266372, 5.983007]
[266298, 5.980847]
[347443, 5.93424]
[294065, 5.871915]Query: 346
[260341, 4.388507]
[173299, 4.387329]
[180679, 4.345185]
[138207, 4.299928]
[307255, 4.274791]
[134050, 4.210316]
[156135, 4.19147]
[156132, 4.172928]
[134011, 4.138089]
[12317, 4.126174]Query: 347
[461944, 7.762205]
[322263, 7.619065]
[294881, 7.28453]
[493986, 7.016854]
[458546, 6.553245]
[512234, 6.543068]
[155587, 6.534758]
[502478, 6.510927]
[7185, 6.460209]
[101104, 6.460209]Query: 348
[494200, 5.010167]
[505007, 2.981807]
[431635, 2.146474]
[444270, 2.019876]
[217306, 1.62258]
[386442, 1.374019]Query: 349
[113324, 6.239038]
[113362, 6.234544]
[416573, 6.184229]
[182952, 5.939029]
[152224, 5.641829]
[316943, 5.500738]
[187557, 5.463859]
[34260, 4.938811]
[161936, 4.922994]
[29622, 4.832515]Query: 350
[215306, 6.420479]
[520407, 6.341691]
[453444, 6.144279]
[405792, 5.954803]
[232584, 5.726515]
[511257, 5.59655]
[457580, 5.589029]
[172284, 5.507225]
[169651, 5.456749]
[376702, 5.415736]Query: 351
[318471, 8.377988]
[318254, 8.357849]
[216469, 8.345631]
[299698, 8.283058]
[262482, 8.251238]
[305509, 8.071769]
[251373, 8.049743]
[389983, 7.711021]
[209946, 7.50007]
[352193, 7.356084]Query: 352
[322054, 7.59845]
[294078, 7.270073]
[349788, 6.864506]
[356058, 6.639011]
[360933, 6.566953]
[395638, 6.440834]
[407837, 6.16281]
[287818, 5.873156]
[295211, 5.542784]
[242179, 5.382407]Query: 353
[341550, 8.520245]
[414638, 8.058756]
[341350, 7.993842]
[227426, 7.876923]
[231167, 7.747806]
[224628, 7.647522]
[495158, 7.563482]
[463445, 6.89794]
[137463, 6.451052]
[12434, 6.319158]Query: 354
[377928, 4.335241]
[81104, 4.237375]
[119091, 4.14123]
[95854, 4.129608]
[236945, 4.107834]
[95577, 4.082174]
[253029, 4.060358]
[55508, 4.010963]
[73888, 3.948476]
[348675, 3.91432]Query: 355
[29119, 8.931124]
[29696, 7.485448]
[93632, 6.400559]
[62148, 6.347131]
[459321, 5.71995]
[34215, 5.576003]
[121855, 5.522933]
[2633, 5.504021]
[34223, 5.461072]
[49816, 5.275859]Query: 356
[518242, 12.310646]
[408579, 12.223327]
[471087, 10.362075]
[424994, 10.131413]
[431857, 7.57805]
[515485, 7.552812]
[479947, 7.465787]
[431727, 7.402863]
[479944, 7.350841]
[503795, 7.07277]Query: 357
[235744, 6.670252]
[364601, 6.474775]
[253787, 6.47219]
[98095, 6.096881]
[100753, 6.016994]
[388727, 5.904435]
[47007, 5.831522]
[334933, 5.811367]
[305516, 5.756981]
[9003, 5.742426]Query: 358
[499519, 9.058607]
[517096, 8.964762]
[462684, 8.721795]
[462934, 8.591816]
[462215, 8.300833]
[500653, 8.239591]
[458623, 8.085542]
[406665, 7.824072]
[150896, 7.698286]
[150894, 7.63467]Query: 359
[34220, 5.693934]
[219251, 5.200167]
[473784, 5.184463]
[181489, 5.138123]
[143503, 4.798075]
[323804, 4.768471]
[251606, 4.759641]
[295579, 4.724968]
[348470, 4.690256]
[141176, 4.689146]Query: 360
[500270, 5.656842]
[517488, 5.4645]
[423831, 5.092617]
[70299, 5.09191]
[117286, 5.09191]
[326323, 4.993395]
[217708, 4.942314]
[22121, 4.941737]
[63944, 4.941737]
[75075, 4.922306]Query: 361
[445842, 9.173289]
[445872, 8.628445]
[487253, 8.555564]
[478219, 8.514159]
[515410, 8.368706]
[458349, 7.850684]
[416718, 7.230135]
[503497, 7.212877]
[471773, 6.372937]
[416819, 6.319787]Query: 362
[123760, 5.834364]
[446883, 5.450154]
[32732, 5.200787]
[269962, 5.194163]
[86758, 4.963656]
[39554, 4.925737]
[446074, 4.77765]
[489533, 4.749887]
[75584, 4.742089]
[88683, 4.700659]Query: 363
[202689, 7.412876]
[363088, 6.522675]
[236839, 6.498112]
[244847, 6.458163]
[514242, 6.384105]
[326034, 6.242172]
[301697, 6.238267]
[239266, 6.231662]
[348368, 6.186766]
[495176, 6.185832]Query: 364
[138902, 7.230921]
[138901, 7.060746]
[138903, 7.05702]
[109969, 7.012614]
[61726, 7.008413]
[138904, 7.003429]
[25159, 6.835252]
[487991, 6.799216]
[61744, 6.647739]
[485690, 6.524489]Query: 365
[498902, 9.958719]
[504485, 9.757555]
[309495, 9.755302]
[499215, 9.673744]
[363834, 8.48239]
[421937, 7.896824]
[451510, 7.589274]
[519586, 7.566122]
[265591, 6.523048]
[475425, 6.409176]Query: 366
[153823, 7.081532]
[153822, 6.97322]
[153821, 6.930836]
[462931, 6.448315]
[425609, 6.254131]
[443726, 6.243438]
[289214, 6.11311]
[405894, 6.032818]
[459092, 6.007729]
[483075, 5.919054]Query: 367
[392366, 6.135014]
[267150, 5.893531]
[190580, 5.857478]
[310943, 5.763199]
[368312, 5.739995]
[121646, 5.657926]
[267155, 5.627706]
[254027, 5.557181]
[21919, 5.519569]
[341087, 5.416117]Query: 368
[466348, 9.418118]
[445977, 8.753804]
[417761, 8.134019]
[426586, 8.075734]
[495627, 7.677907]
[481304, 7.457413]
[427835, 7.231881]
[410191, 7.153203]
[452614, 7.03925]
[473784, 7.018229]Query: 369
[428676, 14.646982]
[416705, 13.2149]
[241439, 9.408622]
[206317, 7.23233]
[415837, 6.212766]
[349659, 5.948575]
[316832, 5.778145]
[491570, 4.742327]
[472132, 4.72984]
[333222, 4.533929]Query: 370
[134158, 6.319381]
[162715, 5.98494]
[168630, 5.896647]
[68022, 5.877878]
[132710, 5.837963]
[77768, 5.751971]
[33478, 5.700098]
[152393, 5.649882]
[140728, 5.45588]
[134312, 5.453881]Query: 371
[21679, 5.969368]
[41707, 5.021871]
[104593, 5.021871]
[314710, 4.991763]
[329535, 4.951017]
[29676, 4.929227]
[421232, 4.925888]
[238308, 4.916263]
[506969, 4.906686]
[296390, 4.889336]Query: 372
[300956, 6.994423]
[276649, 6.026736]
[166028, 5.796571]
[390293, 5.784947]
[189959, 5.782783]
[172516, 5.719551]
[161500, 5.601712]
[166029, 5.585498]
[166044, 5.52241]
[166043, 5.466645]Query: 373
[270455, 8.873465]
[322483, 8.023574]
[154065, 7.958659]
[245434, 7.069279]
[333876, 7.069045]
[176521, 6.766007]
[295028, 6.64131]
[164260, 6.604013]
[132819, 6.566364]
[322378, 6.276435]Query: 374
[340337, 10.937856]
[516851, 10.668806]
[202028, 10.166906]
[282842, 9.790257]
[279312, 9.507875]
[478814, 9.493151]
[501701, 9.408284]
[407973, 9.396036]
[333204, 9.387535]
[256936, 9.318763]Query: 375
[52394, 7.533885]
[11123, 7.33491]
[5383, 7.295361]
[62179, 7.035917]
[62136, 6.992901]
[8245, 6.976377]
[50053, 6.886243]
[18993, 6.865564]
[369004, 6.857065]
[15007, 6.756994]Query: 376
[446447, 3.254728]
[463048, 3.152889]
[446582, 3.076497]
[390422, 3.054345]
[484050, 2.993739]
[445408, 2.983706]
[220425, 2.978723]
[369487, 2.978723]
[3611, 2.974553]
[340627, 2.971524]Query: 377
[468238, 9.635639]
[482855, 9.181055]
[303333, 9.005187]
[443626, 8.481189]
[513285, 8.290093]
[514454, 7.569179]
[397579, 7.387064]
[501665, 7.368459]
[272808, 7.288941]
[476207, 7.202145]Query: 378
[231949, 5.64473]
[256884, 5.232316]
[280156, 5.131364]
[266483, 5.130231]
[197589, 4.971586]
[191299, 4.958107]
[286978, 4.949515]
[204980, 4.927283]
[221678, 4.926372]
[280362, 4.903675]Query: 379
[524382, 4.438685]
[410208, 4.269077]
[351793, 4.162769]
[496824, 4.150936]
[30526, 4.135843]
[358566, 3.941199]
[514117, 3.915727]
[45906, 3.903589]
[433841, 3.830026]
[482750, 3.801262]Query: 380
[360256, 8.021331]
[417568, 7.434547]
[224004, 7.237374]
[484514, 7.024945]
[503593, 6.714031]
[210923, 6.692997]
[349214, 6.365818]
[511004, 6.130045]
[354547, 6.112624]
[246596, 6.036904]Query: 381
[167324, 5.681485]
[128104, 5.370552]
[147775, 5.191124]
[477258, 5.188345]
[336559, 4.650436]
[496427, 4.615345]
[118611, 4.549051]
[434468, 4.450535]
[439022, 4.32229]
[254594, 4.298664]Query: 382
[148284, 10.208146]
[5383, 10.014781]
[91286, 9.840956]
[62179, 9.833593]
[62182, 9.565331]
[148282, 9.08373]
[41251, 8.727899]
[172325, 8.610258]
[148283, 8.493272]
[11165, 8.365241]Query: 383
[419463, 8.603332]
[422366, 8.257306]
[432584, 8.149809]
[419467, 8.025127]
[414098, 7.626774]
[306460, 7.521688]
[459635, 7.517311]
[451476, 7.235433]
[526480, 7.195807]
[434980, 7.189395]Query: 384
[108, 9.527582]
[490082, 9.006236]
[483538, 8.818543]
[457979, 8.702019]
[246801, 8.300656]
[407021, 8.079606]
[442803, 8.024212]
[124948, 7.786717]
[519279, 7.724226]
[417082, 7.69824]Query: 385
[326063, 8.461281]
[62179, 7.384908]
[455558, 6.835005]
[91268, 6.77858]
[198081, 6.761952]
[393978, 6.670846]
[36995, 6.602375]
[338307, 6.553234]
[5383, 6.534299]
[154248, 6.114213]Query: 386
[444092, 7.971411]
[455313, 7.966022]
[156571, 7.82429]
[160492, 7.712803]
[445117, 7.57145]
[163501, 7.356261]
[417191, 7.318413]
[416350, 7.241592]
[504794, 7.140447]
[136770, 7.023827]Query: 387
[116996, 7.869436]
[94152, 7.821977]
[153830, 7.714747]
[153852, 7.710908]
[11088, 7.697912]
[153853, 7.679359]
[58433, 7.625578]
[100975, 7.534912]
[387417, 7.497015]
[101806, 7.486377]Query: 388
[100946, 6.311984]
[63834, 5.802376]
[457189, 5.699728]
[156032, 5.480034]
[49946, 5.479961]
[431367, 5.355188]
[405638, 5.282467]
[153858, 5.230704]
[153853, 5.195901]
[61435, 5.176497]Query: 389
[214812, 5.125522]
[81329, 4.879375]
[75412, 4.86518]
[112343, 4.864491]
[88537, 4.841463]
[260947, 4.84046]
[9991, 4.76568]
[279267, 4.717724]
[52349, 4.663316]
[86978, 4.662174]Query: 390
[471572, 7.690812]
[250233, 6.810224]
[430505, 6.378616]
[167452, 6.344038]
[400625, 6.329032]
[49742, 6.024949]
[461375, 5.807533]
[110607, 5.649471]
[487676, 5.571214]
[481250, 5.456514]Query: 391
[291328, 8.061023]
[367413, 7.914445]
[260116, 7.88185]
[245688, 7.703445]
[194365, 7.574382]
[239587, 7.51731]
[322762, 7.436282]
[353542, 7.40701]
[303360, 7.357019]
[371170, 7.284708]Query: 392
[283445, 5.828644]
[206883, 5.822223]
[392068, 5.779225]
[62219, 5.762835]
[80039, 5.72519]
[223035, 5.722498]
[447735, 5.683364]
[209101, 5.647872]
[241760, 5.641186]
[93631, 5.631083]Query: 393
[319655, 5.64242]
[99259, 5.583556]
[486041, 5.5571]
[438221, 5.539024]
[403997, 5.362449]
[187480, 5.356088]
[462184, 5.328694]
[50447, 5.327864]
[406386, 5.269707]
[420282, 5.175758]Query: 394
[436099, 3.268507]
[412812, 3.235826]
[478432, 3.202163]
[403924, 3.163984]
[396753, 3.160105]
[437045, 3.147516]
[468894, 3.140483]
[450188, 3.121078]
[452827, 3.086814]
[472081, 3.082921]Query: 395
[125000, 4.224736]
[31333, 4.153803]
[157354, 4.11519]
[119168, 4.110605]
[97674, 4.10853]
[115131, 4.099992]
[90351, 4.097501]
[28336, 4.092527]
[162541, 4.080617]
[86581, 4.069155]Query: 396
[368070, 10.491428]
[373724, 9.945668]
[367005, 9.728194]
[374292, 9.446948]
[486403, 9.215406]
[182963, 7.603215]
[182944, 7.542112]
[182947, 7.180916]
[183001, 6.770626]
[438819, 5.914754]Query: 397
[100564, 5.253516]
[437765, 5.100301]
[126435, 4.500732]
[89414, 4.431233]
[518803, 4.257561]
[71709, 4.112144]
[7227, 4.103736]
[58101, 4.003703]
[131613, 3.982351]
[92018, 3.950871]Query: 398
[353739, 7.709743]
[127092, 6.964219]
[103995, 6.905174]
[334544, 6.881098]
[328657, 6.83899]
[350043, 6.789925]
[350182, 6.780418]
[91353, 6.603247]
[108761, 6.582982]
[82588, 6.512287]Query: 399
[198552, 8.824995]
[348010, 8.655338]
[184024, 7.520581]
[153344, 7.09645]
[52510, 6.577979]
[80257, 6.577979]
[127702, 6.528024]
[143010, 5.960377]
[458799, 5.9477]
[153343, 5.757557]Query: 400
[517545, 12.251552]
[465865, 11.874659]
[486942, 11.5208]
[511711, 11.453225]
[476270, 11.357377]
[412610, 11.297022]
[470679, 11.29225]
[397788, 11.256557]
[506172, 10.718077]
[519057, 10.603978]Query: 401
[48161, 5.044284]
[241921, 4.878554]
[209949, 4.81259]
[342777, 4.798145]
[114363, 4.777456]
[77412, 4.731698]
[192117, 4.523086]
[82130, 4.473766]
[341938, 4.467517]
[197106, 4.462139]Query: 402
[513951, 7.264541]
[402343, 6.037939]
[170712, 5.845416]
[459516, 5.641943]
[451275, 5.369221]
[455364, 5.135062]
[442147, 5.014305]
[517895, 5.004449]
[356525, 4.98342]
[260728, 4.825606]Query: 403
[459190, 7.228783]
[179958, 7.055091]
[412872, 6.960576]
[179974, 6.942477]
[503795, 6.803152]
[521454, 6.396764]
[463170, 6.273276]
[421550, 6.208477]
[179975, 5.854047]
[509470, 5.287686]Query: 404
[100491, 7.222575]
[360639, 6.751525]
[46570, 6.654738]
[385810, 6.619764]
[46508, 6.525313]
[352902, 6.489927]
[304848, 6.447506]
[360631, 6.44109]
[354985, 6.43897]
[294863, 6.438685]Query: 405
[42535, 7.857772]
[93621, 6.806166]
[42536, 6.775381]
[41270, 6.530867]
[465815, 6.175742]
[42503, 5.640637]
[426346, 5.459149]
[448729, 5.366517]
[432642, 5.321035]
[498792, 5.108018]Query: 406
[426493, 9.101943]
[518387, 9.079118]
[472996, 9.063861]
[428510, 9.008299]
[207029, 8.511713]
[458727, 8.051522]
[511957, 7.876175]
[271601, 7.842752]
[396067, 7.687316]
[461762, 7.647486]Query: 407
[494486, 9.991523]
[239839, 8.341639]
[474621, 7.810323]
[271712, 7.48473]
[236858, 7.403709]
[402644, 6.922978]
[126841, 6.895952]
[406855, 6.886535]
[418193, 6.83712]
[11024, 6.818448]Query: 408
[428670, 8.705732]
[519944, 8.593305]
[400627, 8.356288]
[492654, 8.334696]
[397540, 8.238855]
[481516, 8.203152]
[402310, 8.096446]
[522135, 7.980086]
[497685, 7.786298]
[463536, 7.749344]Query: 409
[246766, 9.744026]
[365624, 9.26296]
[408022, 8.928875]
[496462, 8.884624]
[365749, 8.801074]
[402223, 8.584052]
[416985, 8.450029]
[514134, 8.379395]
[516750, 8.311543]
[367394, 8.232882]Query: 410
[116801, 8.51089]
[68943, 8.2134]
[18302, 7.97532]
[189470, 7.731337]
[269595, 7.483411]
[36448, 7.476478]
[278289, 7.46618]
[344097, 7.43962]
[212725, 7.408653]
[262295, 7.368552]Query: 411
[358761, 9.239973]
[222740, 7.51378]
[220049, 7.169195]
[378979, 7.060048]
[257953, 7.017764]
[484239, 6.84085]
[217306, 6.808069]
[478739, 6.278195]
[466430, 5.666641]
[178753, 5.528724]Query: 412
[518205, 4.580675]
[244021, 4.471933]
[21806, 4.440439]
[80425, 4.369703]
[456562, 4.359715]
[36708, 4.329992]
[456607, 4.307672]
[274533, 4.300967]
[166960, 4.28453]
[6975, 4.283372]Query: 413
[31297, 4.899888]
[126376, 4.816097]
[86969, 4.801048]
[92782, 4.77669]
[104732, 4.758915]
[79049, 4.748563]
[386162, 4.686212]
[96622, 4.672127]
[220394, 4.644677]
[220413, 4.644677]Query: 414
[504144, 9.965895]
[313036, 9.770903]
[391417, 9.680507]
[338167, 9.494238]
[442100, 9.225119]
[206312, 9.11655]
[318274, 9.028202]
[383964, 8.788232]
[64075, 8.771645]
[262132, 8.743974]Query: 415
[10872, 10.367981]
[320269, 10.278499]
[10814, 9.588788]
[34442, 8.776914]
[31184, 8.767572]
[82551, 8.648616]
[110398, 8.518295]
[507669, 8.310775]
[76529, 8.285631]
[206032, 8.201374]Query: 416
[77157, 8.578849]
[80068, 8.5283]
[121961, 8.472714]
[44850, 8.345851]
[5302, 8.345071]
[5334, 8.345071]
[10719, 8.294385]
[35156, 8.201455]
[73562, 8.134521]
[77156, 8.134342]Query: 417
[482443, 3.964312]
[124194, 3.902423]
[482427, 3.877227]
[229913, 3.795045]
[524285, 3.789613]
[49801, 3.765906]
[225498, 3.722666]
[484088, 3.703883]
[400568, 3.68428]
[479581, 3.651195]Query: 418
[451883, 6.671669]
[443614, 6.644904]
[449997, 6.563746]
[396245, 6.304506]
[468060, 6.186052]
[403382, 6.006441]
[411224, 5.935133]
[457714, 5.895814]
[247862, 5.726966]
[436510, 5.150769]Query: 419
[126953, 9.518264]
[126811, 8.72355]
[402906, 7.657328]
[94030, 7.272775]
[299462, 6.744762]
[156192, 6.667797]
[397310, 6.484214]
[427286, 6.349601]
[101072, 6.258543]
[502480, 6.227187]Query: 420
[515361, 13.546275]
[483110, 11.113479]
[506042, 11.089842]
[413145, 10.909988]
[474081, 10.655294]
[467075, 10.576283]
[523204, 10.209924]
[440685, 10.069805]
[441374, 9.8666]
[414340, 9.864368]Query: 421
[283137, 7.216825]
[224244, 7.108616]
[78199, 6.987043]
[39634, 6.93096]
[104761, 6.926994]
[321805, 6.870651]
[294051, 6.803128]
[329221, 6.648685]
[152213, 6.629874]
[335509, 6.603949]Query: 422
[519689, 7.81307]
[369826, 6.705287]
[351498, 6.522711]
[383172, 6.415844]
[385567, 6.415844]
[506524, 6.266338]
[430567, 6.173853]
[472316, 6.17092]
[440438, 6.106333]
[523317, 6.100928]Query: 423
[276433, 11.732673]
[378579, 11.102377]
[297712, 10.925252]
[66887, 10.087831]
[24740, 9.870752]
[121308, 9.847652]
[386181, 9.450345]
[297555, 9.390848]
[325965, 9.024267]
[276437, 8.786274]Query: 424
[446972, 4.426598]
[409407, 4.407273]
[33934, 4.384156]
[492960, 4.367194]
[515234, 4.360029]
[442520, 4.343696]
[381073, 4.341565]
[436647, 4.277619]
[520878, 4.27419]
[517447, 4.255728]Query: 425
[12400, 7.227368]
[114140, 7.14515]
[31802, 7.092306]
[443524, 7.062625]
[23396, 7.004624]
[404354, 6.892935]
[119877, 6.843627]
[409281, 6.69684]
[41411, 6.655302]
[58702, 6.583087]Query: 426
[466312, 7.453728]
[398499, 7.066153]
[396987, 6.968068]
[513717, 6.766616]
[492214, 6.692649]
[500196, 6.250768]
[421051, 6.086947]
[498949, 5.870118]
[225987, 5.67524]
[487170, 5.659254]Query: 427
[475584, 10.691886]
[135688, 9.676209]
[281843, 9.328555]
[188268, 8.225896]
[135690, 8.218108]
[363525, 7.874112]
[183046, 7.302785]
[135689, 7.015302]
[42533, 6.968964]
[31711, 6.904555]Query: 428
[328860, 6.664438]
[427354, 6.616769]
[54392, 6.44991]
[441687, 6.430278]
[15724, 6.248668]
[50745, 6.231812]
[329189, 6.097385]
[236416, 6.064974]
[459645, 5.944868]
[67329, 5.832145]Query: 429
[398308, 9.82645]
[468141, 9.800359]
[141235, 9.791944]
[502105, 9.685664]
[258498, 9.582426]
[141215, 9.561773]
[156067, 9.065496]
[141203, 9.04728]
[141194, 8.954422]
[440405, 8.649047]Query: 430
[524018, 11.871608]
[412388, 10.763464]
[425941, 10.388462]
[406057, 10.310392]
[342950, 9.620815]
[343543, 9.198981]
[481515, 9.173768]
[424472, 8.681217]
[488541, 8.299104]
[410003, 7.878538]Query: 431
[80039, 7.588328]
[25452, 7.320716]
[119629, 7.304422]
[95007, 7.206022]
[447735, 7.159312]
[209101, 7.019052]
[239969, 7.010376]
[71192, 6.893015]
[206883, 6.852407]
[250890, 6.725499]Query: 432
[447818, 6.384378]
[520945, 6.321353]
[295642, 6.172509]
[416265, 6.157285]
[451381, 6.022465]
[443535, 6.020955]
[354133, 5.99877]
[61084, 5.981732]
[469701, 5.980244]
[430018, 5.938975]Query: 433
[480968, 6.094521]
[190349, 5.800088]
[120089, 5.761147]
[500056, 5.594342]
[11741, 5.20892]
[69957, 5.138776]
[46534, 5.13231]
[41060, 5.079122]
[12278, 5.002087]
[439068, 4.863557]Query: 434
[328090, 6.071139]
[23452, 5.997753]
[88221, 5.96889]
[58990, 5.870796]
[124152, 5.808599]
[122794, 5.706792]
[16778, 5.640008]
[54754, 5.626876]
[329851, 5.588835]
[29790, 5.583779]Query: 435
[29906, 6.514035]
[496519, 6.459551]
[332163, 6.125799]
[61509, 6.088406]
[428729, 5.987322]
[404712, 5.774336]
[330600, 5.358406]
[248217, 5.32551]
[332365, 5.243006]
[395594, 5.179667]Query: 436
[94629, 6.876143]
[221677, 6.285153]
[225530, 6.266191]
[225523, 6.190306]
[488439, 6.100443]
[302139, 5.971592]
[40319, 5.961862]
[249550, 5.918662]
[274444, 5.902281]
[249554, 5.825709]Query: 437
[297181, 7.278926]
[241456, 7.17757]
[239017, 7.120695]
[331322, 6.925894]
[215596, 6.908397]
[246881, 6.853876]
[384293, 6.696609]
[287959, 6.647593]
[328496, 6.570014]
[287602, 6.551577]Query: 438
[8172, 4.985166]
[368930, 4.919371]
[248469, 4.909915]
[125000, 4.899076]
[198240, 4.883622]
[198212, 4.875931]
[491361, 4.863261]
[122154, 4.827431]
[48684, 4.753549]
[382505, 4.74892]Query: 439
[419931, 7.244714]
[494599, 6.896843]
[65943, 6.642936]
[292654, 6.606051]
[2777, 6.581905]
[370167, 6.535882]
[245059, 6.466179]
[66017, 6.433517]
[162320, 6.376345]
[162322, 6.232753]Query: 440
[472764, 6.17252]
[179221, 5.893098]
[503985, 5.717947]
[519998, 5.702638]
[470979, 5.513654]
[179219, 5.476189]
[179225, 5.39366]
[65361, 5.249754]
[179220, 5.101012]
[116517, 4.946819]Query: 441
[528010, 10.802782]
[466828, 10.564774]
[461254, 10.414299]
[488412, 10.386778]
[37063, 10.140526]
[504284, 9.93406]
[451716, 9.880837]
[449390, 9.534481]
[169762, 8.134052]
[101120, 7.337538]Query: 442
[76488, 4.658649]
[25956, 4.634209]
[57465, 4.634209]
[90084, 4.574685]
[115134, 4.556455]
[47651, 4.541905]
[43400, 4.462324]
[98022, 4.372177]
[113716, 4.310249]
[14524, 4.231929]Query: 443
[49905, 5.678227]
[408423, 5.381445]
[429950, 5.371774]
[510506, 5.293533]
[430877, 5.277558]
[9934, 5.263004]
[114877, 5.181504]
[125747, 5.056838]
[137479, 4.993274]
[434998, 4.978416]Query: 444
[101084, 10.961216]
[62228, 10.680736]
[331547, 9.751169]
[175028, 8.760569]
[174988, 8.245535]
[174985, 7.587351]
[25433, 6.723837]
[11143, 6.289828]
[62222, 6.270793]
[263166, 5.14967]Query: 445
[221130, 7.812776]
[441601, 7.382399]
[291410, 7.158039]
[389443, 6.740584]
[393303, 6.740584]
[324162, 6.609619]
[498344, 6.525168]
[457227, 6.522581]
[361155, 6.407334]
[416173, 6.378052]Query: 446
[5208, 6.09075]
[328831, 6.015797]
[55057, 5.987814]
[191741, 5.647833]
[224847, 5.626922]
[277682, 5.617574]
[262265, 5.535487]
[317085, 5.401154]
[192724, 5.370257]
[247142, 5.275716]Query: 447
[204810, 7.543998]
[204195, 7.540905]
[438030, 6.205792]
[357663, 6.130474]
[514856, 5.996937]
[501583, 5.90351]
[492776, 5.900766]
[242727, 5.890872]
[436345, 5.833646]
[481297, 5.82417]Query: 448
[334249, 4.741866]
[356727, 4.630405]
[233841, 4.618469]
[320660, 4.612348]
[322545, 4.541885]
[231010, 4.541682]
[298321, 4.5127]
[344211, 4.48221]
[317609, 4.471785]
[201759, 4.398823]Query: 449
[176890, 6.327717]
[350325, 5.849119]
[52250, 5.77165]
[176897, 5.750357]
[186189, 5.651394]
[52249, 5.636254]
[502164, 5.485133]
[289214, 5.432175]
[366377, 5.418749]
[381570, 5.401092]Query: 450
[390850, 8.76805]
[350313, 8.72504]
[243563, 8.673357]
[271112, 8.605133]
[335140, 8.588042]
[300543, 8.586296]
[251474, 8.580943]
[248993, 8.541499]
[284764, 8.52277]
[452978, 8.504845]Query: 601
[99136, 8.762952]
[326835, 8.66865]
[230454, 8.623815]
[367299, 8.456284]
[111774, 8.197976]
[379561, 8.092681]
[287428, 8.028203]
[117055, 7.889889]
[232964, 7.845952]
[78505, 7.815619]Query: 602
[308246, 10.846129]
[374710, 10.192839]
[375904, 10.030133]
[79513, 10.018302]
[3881, 9.678662]
[191424, 9.140128]
[196159, 9.091597]
[213423, 8.929212]
[205375, 8.92596]
[361731, 8.914428]Query: 603
[420757, 10.709758]
[245313, 10.591479]
[419501, 10.463811]
[381321, 10.249118]
[199936, 10.164915]
[332162, 10.076049]
[494509, 9.862087]
[381196, 9.608569]
[392730, 9.501803]
[398190, 9.303751]Query: 604
[461254, 16.660851]
[466828, 14.197039]
[488412, 13.721879]
[504284, 11.672799]
[449390, 11.177612]
[528010, 10.802782]
[37063, 10.140526]
[451716, 9.880837]
[496346, 9.498684]
[495318, 9.005753]Query: 605
[402526, 7.829501]
[456694, 6.835051]
[344792, 6.102366]
[321249, 6.058252]
[290067, 5.897316]
[423561, 5.769497]
[525123, 5.69991]
[5444, 5.661289]
[283418, 5.640241]
[421473, 5.576419]Query: 606
[500927, 10.737624]
[433464, 9.635322]
[411472, 5.725653]
[480260, 5.438821]
[461127, 5.311715]
[470820, 5.270829]
[505815, 5.227464]
[91183, 5.025437]
[513842, 4.945756]
[307167, 4.838795]Query: 607
[377102, 8.547512]
[333392, 7.868771]
[462438, 7.845369]
[351166, 7.773631]
[491002, 7.696141]
[262519, 7.486716]
[474615, 7.131863]
[309552, 6.906338]
[290070, 6.884598]
[383818, 6.8562]Query: 608
[421619, 5.285289]
[464479, 5.164139]
[437444, 5.150454]
[441388, 5.149004]
[443009, 5.119955]
[483975, 5.103315]
[438861, 5.095043]
[342186, 5.094834]
[460458, 5.07606]
[283133, 5.073768]Query: 609
[4073, 9.926319]
[499295, 9.925864]
[467336, 9.192931]
[459130, 8.396563]
[96344, 7.918296]
[165443, 7.718773]
[121888, 7.651316]
[77514, 7.427575]
[116747, 7.204406]
[307077, 7.203531]Query: 610
[141649, 7.707137]
[393029, 7.672369]
[311340, 7.185146]
[305927, 7.13554]
[237314, 6.959404]
[300007, 6.875678]
[131713, 6.850808]
[307341, 6.843161]
[43137, 6.786081]
[300010, 6.766713]Query: 611
[48154, 9.633867]
[48128, 9.101723]
[48127, 8.795705]
[235807, 8.638726]
[7759, 8.413129]
[81985, 8.322445]
[48044, 8.242335]
[25595, 8.077243]
[80525, 7.973265]
[25490, 7.886819]Query: 612
[377210, 7.566926]
[441669, 7.545152]
[76736, 7.540201]
[259562, 7.315294]
[211285, 7.153363]
[518417, 7.148181]
[508680, 7.082699]
[499728, 6.940595]
[210006, 6.894185]
[47609, 6.872239]Query: 613
[438872, 6.726328]
[411853, 6.705623]
[423838, 6.690834]
[415495, 6.616024]
[432824, 6.61367]
[448577, 6.588636]
[524209, 6.583826]
[500072, 6.566609]
[509280, 6.533966]
[411666, 6.532114]Query: 614
[134351, 22.513256]
[180208, 21.152867]
[251744, 14.422826]
[326657, 11.077542]
[508214, 5.230718]
[497183, 5.193568]
[503520, 5.158566]
[522756, 5.119385]
[522759, 5.112926]
[479257, 5.084709]Query: 615
[381022, 8.493196]
[263952, 7.338372]
[206391, 6.827675]
[237356, 6.799987]
[219755, 6.772993]
[241170, 6.758209]
[516758, 6.757108]
[358845, 6.753077]
[337461, 6.749202]
[2462, 6.731913]Query: 616
[378969, 6.882012]
[366128, 6.573185]
[316011, 6.311828]
[69401, 6.162774]
[353943, 5.815178]
[285153, 5.612704]
[297329, 5.573135]
[279287, 5.552656]
[201656, 5.536667]
[335729, 5.533314]Query: 617
[391417, 7.421823]
[15596, 6.981818]
[67333, 6.918617]
[75601, 6.789688]
[52050, 6.660355]
[128463, 6.308178]
[111611, 6.07883]
[7970, 6.03115]
[5094, 6.02294]
[364598, 6.021117]Query: 618
[523715, 12.840617]
[495542, 12.736409]
[400010, 12.703907]
[434302, 11.901152]
[443593, 11.399287]
[405764, 11.368322]
[226280, 11.273213]
[523757, 11.239913]
[523714, 11.234268]
[421475, 11.202727]Query: 619
[495959, 12.771715]
[436802, 11.834093]
[447318, 11.218329]
[489629, 10.642969]
[206609, 10.611826]
[346476, 10.49659]
[463003, 10.490755]
[416659, 10.47417]
[399287, 10.429894]
[202592, 10.22222]Query: 620
[193622, 7.523108]
[293175, 7.42723]
[114915, 7.161899]
[72100, 7.147711]
[97074, 7.140063]
[308966, 7.13697]
[72021, 7.033137]
[116985, 7.021365]
[39949, 7.018315]
[6371, 6.98208]Query: 621
[238806, 13.154022]
[200305, 13.148927]
[439069, 12.917854]
[242084, 12.858733]
[191835, 12.813727]
[498344, 11.752689]
[315849, 11.254967]
[199275, 10.536259]
[252672, 10.2129]
[457227, 10.209599]Query: 622
[208267, 4.194065]
[379320, 4.186617]
[154103, 4.151259]
[349231, 4.148903]
[501108, 4.116029]
[517424, 4.099739]
[322666, 4.066319]
[262595, 4.059256]
[369862, 4.056493]
[431108, 4.029778]Query: 623
[91457, 9.439018]
[21213, 8.841008]
[112841, 8.711133]
[126758, 8.711133]
[91361, 8.700084]
[22003, 8.588062]
[24495, 8.4069]
[88723, 8.259548]
[22072, 8.257644]
[25377, 8.257644]Query: 624
[273025, 10.38128]
[404079, 10.231346]
[206390, 10.166764]
[422302, 10.077026]
[437070, 10.075972]
[418861, 9.544495]
[431065, 9.382177]
[478709, 9.238365]
[515516, 8.966243]
[483853, 8.923516]Query: 625
[57333, 11.214373]
[127587, 9.465591]
[20655, 9.455961]
[233710, 8.783139]
[201260, 7.911049]
[218552, 7.73267]
[55212, 7.448217]
[367850, 7.284302]
[367881, 6.485595]
[275471, 5.966582]Query: 626
[388106, 5.652678]
[252147, 5.649838]
[299012, 5.496162]
[455077, 5.464512]
[121600, 5.402293]
[430490, 5.242854]
[518931, 5.209108]
[491931, 4.77036]
[231786, 4.72563]
[406841, 4.708637]Query: 627
[310246, 6.366535]
[13209, 5.413595]
[308779, 5.20524]
[343921, 5.061331]
[72777, 5.025797]
[21334, 5.010164]
[399885, 5.005793]
[476760, 4.965832]
[316371, 4.912491]
[402033, 4.901819]Query: 628
[469266, 9.676045]
[478855, 9.64611]
[438741, 9.639551]
[399657, 9.551396]
[409903, 9.536597]
[438621, 9.510548]
[448539, 9.487451]
[513798, 9.413759]
[404556, 9.336228]
[514974, 9.107582]Query: 629
[513284, 9.744155]
[514254, 8.915723]
[219350, 8.489625]
[282990, 8.466095]
[424838, 8.251249]
[500192, 8.103585]
[526770, 8.058926]
[459944, 8.058155]
[394041, 8.030902]
[497687, 8.028594]Query: 630
[37032, 7.949548]
[24411, 7.86864]
[385215, 7.687977]
[392142, 7.146589]
[441988, 6.533118]
[493520, 6.479521]
[39625, 5.610406]
[52533, 5.591755]
[357375, 5.372225]
[496341, 5.203141]Query: 631
[124108, 10.512758]
[129436, 10.437905]
[61203, 10.410921]
[9568, 10.261306]
[129433, 10.161004]
[67395, 10.133183]
[125946, 10.112371]
[53872, 10.102441]
[505376, 10.099747]
[47325, 10.098808]Query: 632
[370292, 8.709336]
[205920, 8.551447]
[255024, 8.102859]
[229831, 7.885148]
[347410, 7.638776]
[341684, 7.600976]
[214536, 7.405057]
[108684, 7.341512]
[365863, 7.333542]
[382536, 7.304384]Query: 633
[306521, 8.953704]
[216541, 8.262304]
[391028, 8.089692]
[212438, 7.744795]
[308606, 7.683672]
[320599, 7.292075]
[394983, 6.94551]
[209445, 6.895085]
[394215, 6.863311]
[212205, 6.531553]Query: 634
[445021, 11.877619]
[508857, 11.63058]
[511941, 11.490325]
[520458, 11.128062]
[509558, 10.769718]
[510316, 10.434072]
[431152, 9.901325]
[444587, 9.858906]
[425343, 9.731254]
[520503, 9.653165]Query: 635
[439199, 8.051093]
[405733, 7.803008]
[515316, 7.608379]
[439198, 7.445341]
[516646, 7.407349]
[434689, 7.187583]
[277508, 7.097355]
[439197, 6.80804]
[512829, 6.395108]
[411802, 6.268081]Query: 636
[166147, 9.153535]
[447328, 8.334653]
[166146, 7.307562]
[402649, 6.440083]
[420255, 6.273868]
[489760, 6.222688]
[464896, 6.004041]
[400883, 5.995228]
[428460, 5.989727]
[407553, 5.934509]Query: 637
[481244, 12.166249]
[465608, 10.091891]
[456165, 9.193167]
[420091, 9.160575]
[349588, 9.118019]
[513667, 9.019372]
[105404, 8.955612]
[513616, 8.851334]
[428830, 8.771064]
[259947, 8.751515]Query: 638
[441829, 5.161256]
[242330, 5.048945]
[528012, 5.039179]
[307583, 4.949957]
[246335, 4.696301]
[467607, 4.680535]
[440957, 4.531921]
[522322, 4.492678]
[500865, 4.481268]
[478604, 4.435673]Query: 639
[296433, 6.173572]
[388939, 5.505812]
[389200, 5.456189]
[352223, 5.391645]
[391267, 5.223552]
[354670, 5.15171]
[32847, 5.149713]
[383991, 5.09033]
[378142, 5.028171]
[231644, 4.991814]Query: 640
[227016, 8.381865]
[279957, 8.048314]
[221945, 7.673018]
[389947, 7.421094]
[384862, 7.259738]
[51127, 7.11694]
[232694, 6.994884]
[187094, 6.886064]
[360130, 6.747192]
[212727, 6.663989]Query: 641
[507864, 10.704175]
[525836, 10.089322]
[523697, 9.225015]
[413925, 8.665261]
[505704, 8.57443]
[444706, 8.504782]
[448144, 8.405628]
[444954, 7.91428]
[401411, 7.870449]
[525557, 7.842087]Query: 642
[44803, 9.946572]
[213792, 9.694953]
[207016, 9.39349]
[190935, 9.048537]
[73631, 8.86229]
[35038, 8.839344]
[299293, 8.832687]
[228283, 8.759459]
[7057, 8.526309]
[7214, 8.456099]Query: 643
[150975, 10.896427]
[136714, 10.03297]
[289553, 9.831954]
[330558, 9.646939]
[424041, 9.50942]
[177345, 9.240213]
[234703, 9.028934]
[130723, 8.871763]
[139271, 8.54716]
[153144, 8.345327]Query: 644
[453815, 7.711493]
[158490, 7.520277]
[311127, 7.455196]
[454624, 7.034018]
[396998, 6.962569]
[160853, 6.714152]
[158492, 6.680718]
[158506, 6.458251]
[158493, 6.322158]
[418973, 6.225773]Query: 645
[392366, 10.069002]
[310943, 9.671902]
[254027, 9.294734]
[233784, 9.242937]
[85968, 9.222315]
[21919, 8.996291]
[300030, 8.995487]
[194880, 8.968588]
[306558, 8.944584]
[193091, 8.907424]Query: 646
[408560, 7.455439]
[408511, 7.246316]
[416007, 7.230603]
[461067, 7.169339]
[484680, 7.022264]
[400528, 6.977801]
[172924, 6.869494]
[168417, 6.752628]
[172922, 6.701988]
[172925, 6.689372]Query: 647
[428754, 7.359214]
[470052, 7.322634]
[34360, 6.701047]
[419598, 6.432558]
[41157, 6.291371]
[299640, 5.99039]
[328959, 5.730193]
[496657, 5.662487]
[460172, 5.64325]
[226812, 5.430582]Query: 648
[150934, 5.049734]
[150929, 4.916623]
[420702, 4.65115]
[169417, 4.635656]
[173010, 4.633151]
[150931, 4.595988]
[227574, 4.570692]
[502527, 4.564974]
[150933, 4.533748]
[473084, 4.523443]Query: 649
[387801, 8.46841]
[1489, 8.35539]
[34658, 8.195449]
[424867, 8.065287]
[304997, 7.989939]
[250889, 7.954913]
[490133, 7.802695]
[126513, 7.493663]
[298151, 7.485682]
[208181, 7.284595]Query: 650
[460930, 9.476582]
[228581, 9.114172]
[3224, 8.857187]
[420144, 8.84182]
[417455, 8.716738]
[430820, 8.161909]
[427648, 7.967629]
[445716, 7.944676]
[496950, 7.944113]
[404902, 7.905465]Query: 651
[2759, 6.438764]
[519196, 5.993521]
[67061, 5.838396]
[521314, 5.751955]
[243811, 5.676452]
[121183, 5.520509]
[121315, 5.51577]
[500994, 5.422055]
[501034, 5.410133]
[52773, 5.352217]Query: 652
[60106, 8.605018]
[34707, 7.359059]
[47541, 7.234919]
[12679, 7.122116]
[14299, 7.101065]
[113652, 7.045228]
[113121, 7.026355]
[105953, 7.005902]
[29461, 7.002026]
[41103, 6.974561]Query: 653
[439732, 12.945377]
[106950, 12.752948]
[20248, 12.284895]
[57445, 12.284895]
[311319, 12.271108]
[32996, 11.967826]
[58645, 11.967826]
[379341, 11.689236]
[309588, 11.614302]
[351859, 11.564147]Query: 654
[466438, 6.52544]
[517185, 6.460342]
[457956, 6.443405]
[491971, 6.064403]
[199255, 5.87751]
[370912, 5.776549]
[423422, 5.603963]
[281052, 5.587591]
[439751, 5.512258]
[471725, 5.433335]Query: 655
[131111, 7.700494]
[182042, 7.550148]
[131952, 6.264307]
[176563, 6.251291]
[175210, 6.187449]
[24284, 6.104731]
[502585, 6.068182]
[196930, 6.048747]
[61643, 6.042553]
[146681, 6.018562]Query: 656
[517627, 7.632202]
[436680, 7.583602]
[487020, 7.563789]
[139022, 7.078478]
[161505, 6.89204]
[181489, 6.547551]
[181486, 6.497911]
[139002, 6.402393]
[526801, 6.311031]
[415866, 6.288564]Query: 657
[415798, 8.666872]
[464621, 8.127808]
[400243, 6.909484]
[486712, 6.83173]
[400354, 6.736213]
[2211, 6.06745]
[319777, 5.789349]
[438980, 5.754967]
[370558, 5.514294]
[68670, 5.380181]Query: 658
[365610, 7.463199]
[293121, 6.572442]
[408143, 6.534558]
[348664, 6.103019]
[207907, 6.088025]
[185207, 5.898033]
[102332, 5.699674]
[181583, 5.293949]
[301345, 5.1622]
[60770, 5.126475]Query: 659
[457072, 6.727076]
[24927, 6.129981]
[377340, 5.967663]
[407750, 5.939671]
[377342, 5.846024]
[389712, 5.577053]
[505000, 5.527698]
[379305, 5.386427]
[20755, 5.177667]
[111202, 5.177667]Query: 660
[459859, 9.439341]
[406690, 9.434612]
[436838, 9.084515]
[423721, 9.031124]
[437373, 8.891571]
[434344, 8.711921]
[434396, 8.387486]
[335763, 8.374261]
[455537, 8.346779]
[261891, 8.052622]Query: 661
[222280, 10.456037]
[420148, 9.12314]
[462406, 8.411322]
[151542, 8.249578]
[480863, 7.916126]
[414476, 7.586406]
[411650, 7.417901]
[415457, 6.860229]
[290735, 6.813084]
[277086, 6.09649]Query: 662
[434672, 7.202709]
[413874, 6.597644]
[458322, 6.354836]
[205410, 6.239792]
[442716, 6.142588]
[427889, 5.853169]
[523527, 5.766526]
[412021, 5.69249]
[491977, 5.67042]
[176356, 5.666823]Query: 663
[411508, 8.708323]
[424639, 7.519121]
[143603, 7.425846]
[487024, 7.06526]
[514723, 6.870379]
[131992, 6.70111]
[504794, 6.592482]
[142259, 6.566392]
[486312, 6.554038]
[212441, 6.17248]Query: 664
[514604, 9.207163]
[399889, 8.843826]
[518286, 8.725137]
[518303, 8.725137]
[464157, 8.474725]
[511880, 8.38481]
[453360, 8.360258]
[400177, 7.701489]
[165683, 7.606923]
[427809, 7.387921]Query: 665
[348474, 9.491228]
[515988, 8.942176]
[438816, 8.910388]
[419222, 8.766846]
[118105, 8.114833]
[244036, 8.096273]
[248527, 8.051182]
[248272, 7.552786]
[60483, 7.386697]
[284874, 7.376489]Query: 666
[453702, 6.681459]
[451054, 6.57493]
[353950, 6.552008]
[418736, 6.27491]
[444066, 6.168777]
[407766, 5.995459]
[421946, 5.990291]
[466952, 5.949622]
[192564, 5.933646]
[191151, 5.907575]Query: 667
[443418, 9.400125]
[409360, 8.157959]
[459645, 7.978664]
[276499, 7.752129]
[519919, 7.672497]
[512373, 6.929925]
[470394, 6.502732]
[243812, 6.378755]
[482164, 6.071598]
[143721, 5.884166]Query: 668
[368823, 6.048289]
[24330, 5.924259]
[61596, 5.72321]
[61719, 5.713193]
[94812, 5.713193]
[24440, 5.667735]
[416139, 5.327231]
[445952, 5.281365]
[328147, 5.266331]
[311366, 5.246438]Query: 669
[19302, 7.300466]
[35395, 7.300466]
[105733, 7.249223]
[1987, 7.063221]
[19169, 6.99201]
[19385, 6.973959]
[13540, 6.865247]
[14516, 6.859278]
[105930, 6.844394]
[109457, 6.823843]Query: 670
[489066, 6.670902]
[430242, 6.298439]
[450992, 6.104027]
[292369, 5.960433]
[228589, 5.587372]
[464132, 5.528154]
[450993, 5.510222]
[102526, 5.439277]
[246995, 5.215578]
[87878, 5.207124]Query: 671
[272366, 7.325768]
[468036, 7.269726]
[457798, 7.234078]
[233936, 7.128661]
[354591, 7.100628]
[234784, 7.052196]
[256052, 6.952873]
[226780, 6.90855]
[397876, 6.908328]
[228651, 6.904526]Query: 672
[525386, 8.785659]
[396267, 8.377283]
[416833, 8.002339]
[489512, 7.779936]
[438088, 7.187703]
[425916, 7.184859]
[479354, 7.112231]
[481167, 6.591366]
[215515, 6.508237]
[39626, 6.463887]Query: 673
[474227, 9.344566]
[515971, 8.955596]
[474618, 8.834275]
[447273, 8.826627]
[488300, 8.738556]
[516367, 8.732858]
[474090, 8.63787]
[474166, 8.620511]
[514536, 8.603141]
[451279, 8.509178]Query: 674
[271369, 8.152523]
[351098, 5.795996]
[95571, 5.682508]
[432924, 5.662405]
[271608, 5.593093]
[240452, 5.584385]
[523772, 5.546586]
[402364, 5.528991]
[437690, 5.523358]
[364990, 5.514935]Query: 675
[496322, 9.181007]
[492238, 9.142623]
[428555, 9.008768]
[410954, 8.724348]
[440641, 8.570324]
[406154, 8.528058]
[495461, 8.50457]
[504293, 8.432098]
[521911, 8.217928]
[443307, 8.020844]Query: 676
[70291, 10.170912]
[75125, 9.931261]
[26545, 9.688791]
[110213, 9.688791]
[70295, 9.25851]
[82790, 9.212245]
[10808, 9.118966]
[53870, 8.889823]
[75008, 8.889823]
[77622, 8.534828]Query: 677
[322714, 13.694904]
[420017, 13.516112]
[214918, 12.904288]
[319664, 12.786977]
[214444, 12.362073]
[252456, 11.985819]
[464173, 9.748216]
[507609, 9.588856]
[229731, 9.514721]
[438729, 9.170136]Query: 678
[416982, 6.567884]
[472739, 5.879747]
[502019, 5.593595]
[325293, 5.418439]
[407655, 5.347141]
[472738, 5.160588]
[156327, 5.044555]
[148930, 5.033093]
[444332, 5.0226]
[171613, 4.971336]Query: 679
[494284, 5.138326]
[494282, 5.081347]
[502646, 4.833962]
[452781, 4.714364]
[523071, 4.619044]
[453853, 4.572461]
[460624, 3.992803]
[471286, 3.945596]
[54720, 3.945383]
[36672, 3.936627]Query: 680
[437580, 6.931404]
[398604, 6.534593]
[434648, 6.532204]
[527547, 6.485642]
[237949, 6.176496]
[403946, 6.131255]
[458184, 6.084171]
[406478, 6.065611]
[363543, 5.843207]
[454334, 5.774353]Query: 681
[39496, 6.203322]
[34360, 6.149051]
[42394, 5.68626]
[41152, 5.593979]
[455417, 5.309587]
[320513, 5.167648]
[339704, 5.115459]
[302880, 5.076048]
[302864, 5.06791]
[202212, 5.064622]Query: 682
[433640, 7.086121]
[415170, 7.085282]
[479436, 6.810835]
[411379, 6.654229]
[167813, 6.595097]
[167805, 6.58559]
[167773, 6.508371]
[167786, 6.383564]
[434377, 6.14175]
[400263, 6.015466]Query: 683
[17471, 6.383209]
[72660, 6.358786]
[31855, 4.835094]
[22045, 4.614914]
[25314, 4.614914]
[398849, 4.546782]
[492937, 4.487286]
[505170, 4.45306]
[404628, 4.441162]
[225319, 4.365349]Query: 684
[511016, 3.440029]
[134213, 3.418197]
[148907, 3.367244]
[393030, 3.352993]
[386817, 3.228306]
[336577, 3.195441]
[134212, 3.133338]
[322906, 3.126087]
[395577, 3.117969]
[265748, 3.114858]Query: 685
[467440, 7.250934]
[467441, 7.030357]
[447485, 7.027841]
[517743, 7.026155]
[445409, 6.942067]
[505711, 6.924315]
[517526, 6.920336]
[422184, 6.146721]
[504637, 6.093428]
[516270, 6.091453]Query: 686
[225921, 8.447615]
[197188, 8.109922]
[270283, 7.922018]
[300036, 7.639353]
[197191, 7.539598]
[375711, 7.505813]
[300043, 7.332907]
[188311, 6.997146]
[325718, 6.891791]
[309570, 6.773845]Query: 687
[372147, 7.215441]
[267147, 7.174061]
[329268, 7.162922]
[190804, 7.128358]
[329272, 7.124651]
[342768, 7.004848]
[224868, 6.987942]
[218019, 6.874738]
[329266, 6.862946]
[324570, 6.826073]Query: 688
[147886, 6.799675]
[147884, 6.362317]
[419137, 6.233766]
[78504, 6.196843]
[423141, 6.163096]
[180169, 5.942473]
[419135, 5.842627]
[156004, 5.83983]
[99752, 5.824653]
[144522, 5.800064]Query: 689
[488545, 4.717334]
[101473, 4.59029]
[505109, 4.509323]
[471730, 4.440608]
[133290, 4.41897]
[168246, 4.371797]
[397272, 4.318628]
[495113, 4.317982]
[101474, 4.313326]
[472982, 4.272828]Query: 690
[222816, 6.633525]
[378793, 5.821646]
[480272, 5.738893]
[498309, 5.650934]
[208988, 5.586159]
[1454, 5.550966]
[512730, 5.455471]
[1518, 5.447045]
[58110, 5.384798]
[261171, 5.382475]Query: 691
[39722, 7.330422]
[207019, 6.822506]
[206858, 6.805415]
[442332, 6.595468]
[457601, 6.370545]
[466749, 6.34591]
[94024, 6.193242]
[419859, 6.143896]
[234707, 5.938934]
[290547, 5.937211]Query: 692
[398450, 11.796329]
[290047, 11.750246]
[322429, 11.426315]
[527463, 11.197924]
[434339, 11.044544]
[250972, 10.639516]
[340224, 10.595526]
[423726, 10.515843]
[244242, 10.200742]
[35054, 10.123268]Query: 693
[349669, 6.884891]
[302924, 6.691028]
[237044, 6.506691]
[49458, 6.493333]
[126506, 6.489695]
[274003, 6.331587]
[213778, 6.116393]
[248978, 6.048082]
[289091, 6.042902]
[235867, 6.014125]Query: 694
[158502, 9.470843]
[178432, 8.601962]
[516578, 8.524377]
[158486, 8.33076]
[468559, 7.99649]
[178434, 7.981761]
[420984, 7.555362]
[522880, 7.388702]
[432459, 7.201546]
[427582, 7.082272]Query: 695
[525730, 11.119317]
[440361, 9.665874]
[194370, 9.523709]
[201539, 9.382216]
[390418, 9.011555]
[499872, 8.601441]
[506134, 8.438468]
[257956, 8.430883]
[497348, 8.38329]
[346986, 8.256766]Query: 696
[493897, 7.517226]
[479916, 7.471483]
[513168, 7.253539]
[411790, 7.191133]
[520450, 7.022058]
[319774, 6.803733]
[452813, 6.693113]
[211203, 6.6326]
[472990, 6.623978]
[415646, 6.297228]Query: 697
[320167, 6.802726]
[370009, 6.782751]
[398680, 6.652999]
[243378, 6.61021]
[97362, 6.558668]
[320164, 6.518295]
[298953, 6.489457]
[320258, 6.482602]
[188673, 6.476591]
[345768, 6.427203]Query: 698
[61250, 8.001189]
[442348, 6.636948]
[475687, 6.595037]
[322694, 6.399902]
[95208, 6.032223]
[156140, 5.817241]
[485907, 5.809748]
[145889, 5.760421]
[156139, 5.729682]
[141797, 5.681196]Query: 699
[379570, 3.351593]
[454754, 3.350687]
[482705, 3.260176]
[452174, 3.25334]
[441604, 3.249344]
[458594, 3.243374]
[426320, 3.230691]
[489922, 3.228759]
[519299, 3.213968]
[512231, 3.205591]Query: 700
[472340, 6.86106]
[485485, 6.413162]
[136196, 6.11364]
[74015, 6.098705]
[171319, 6.086173]
[142424, 6.060612]
[178070, 6.033885]
[170115, 6.006691]
[398005, 5.992388]
[457135, 5.967339]