Query: 301
(112494, 12.885201)
(37799, 12.699611)
(38262, 12.528719)
(15449, 12.423459)
(31202, 12.138192)
(129643, 12.138192)
(16402, 12.075345)
(410, 12.039502)
(51927, 11.988329)
(454363, 11.974416)Query: 302
(413960, 26.7406)
(37100, 24.680716)
(487786, 19.959061)
(106300, 17.421124)
(524765, 16.421954)
(131078, 16.348285)
(18736, 15.96525)
(518439, 15.494111)
(444416, 15.288825)
(37119, 15.197145)Query: 303
(520495, 28.377751)
(441085, 28.276231)
(312398, 28.032599)
(425240, 27.590927)
(474972, 27.382658)
(415054, 26.581028)
(359816, 26.414102)
(495156, 26.363471)
(474971, 26.209388)
(517428, 26.145162)Query: 304
(182107, 26.22692)
(148459, 25.920921)
(141745, 25.877367)
(151144, 25.235666)
(150517, 25.160475)
(159738, 25.142745)
(143844, 24.813299)
(156805, 24.711236)
(163307, 24.567612)
(159739, 24.494117)Query: 305
(454225, 11.002794)
(137134, 10.747383)
(456966, 10.134351)
(433713, 10.058063)
(100995, 9.925304)
(341423, 9.903834)
(422492, 9.775036)
(410850, 9.70182)
(75857, 9.645955)
(495856, 9.627953)Query: 306
(496145, 15.515549)
(302629, 14.779924)
(57055, 14.515828)
(20006, 14.253272)
(317197, 14.150441)
(258477, 13.95119)
(6974, 13.375378)
(99444, 13.290607)
(503003, 13.250725)
(188, 13.179703)Query: 307
(85839, 15.683282)
(42331, 15.402188)
(52516, 15.371323)
(151877, 15.316812)
(2395, 14.976824)
(127856, 14.635823)
(502179, 14.59638)
(134963, 14.448623)
(184871, 14.424408)
(54174, 14.400464)Query: 308
(499127, 20.795606)
(131031, 15.61895)
(131027, 14.682145)
(131033, 14.624113)
(335447, 14.508048)
(131029, 14.450016)
(131032, 13.869694)
(149520, 13.781321)
(141320, 13.768947)
(24363, 13.471759)Query: 309
(458810, 13.214529)
(491924, 13.071262)
(523014, 12.642928)
(507497, 12.045447)
(437404, 11.953174)
(482313, 11.919033)
(484410, 11.886795)
(495042, 11.876895)
(505287, 11.864856)
(392438, 11.789281)Query: 310
(226322, 24.704564)
(433826, 18.814973)
(399698, 16.7844)
(204150, 16.504156)
(300810, 15.828451)
(202211, 15.66153)
(456166, 15.259052)
(448298, 15.124402)
(385451, 14.254967)
(385613, 14.254967)Query: 311
(385669, 14.833829)
(80767, 14.247313)
(219087, 13.698047)
(11857, 13.355431)
(350715, 12.599269)
(120309, 12.475624)
(387614, 12.460867)
(19690, 12.364736)
(273276, 12.141301)
(108159, 11.964392)Query: 312
(513307, 15.032162)
(491802, 14.435728)
(471871, 13.34395)
(6467, 8.471387)
(435718, 8.43095)
(135364, 7.986152)
(162694, 6.975247)
(257571, 6.783175)
(167420, 6.399031)
(457441, 6.247395)Query: 313
(41183, 34.682869)
(526317, 29.371181)
(101909, 28.611182)
(91322, 28.478462)
(503265, 27.152376)
(11105, 26.94691)
(409255, 26.921611)
(69594, 25.717641)
(380947, 25.548186)
(432858, 24.820569)Query: 314
(482411, 10.625387)
(448933, 10.477958)
(457150, 10.368846)
(236518, 10.270745)
(513241, 9.865335)
(525451, 9.800891)
(198554, 9.772259)
(198010, 9.765923)
(509417, 9.736599)
(138858, 9.659428)Query: 315
(158551, 17.255483)
(508525, 16.359324)
(251063, 15.651094)
(522592, 14.389543)
(513994, 14.34508)
(25738, 14.319853)
(418917, 14.142953)
(403621, 14.077086)
(169923, 13.883144)
(474013, 13.775178)Query: 316
(266599, 14.444769)
(350507, 12.861233)
(477238, 12.17083)
(300447, 11.608644)
(228047, 11.401523)
(526527, 10.385643)
(327404, 10.188768)
(277269, 8.235529)
(465817, 8.215803)
(332610, 6.412425)Query: 317
(433553, 22.062605)
(408733, 20.865579)
(440254, 20.772095)
(516889, 17.61533)
(205956, 13.769021)
(259492, 13.348385)
(265419, 12.201517)
(508407, 11.71781)
(334969, 10.585941)
(487893, 10.532727)Query: 318
(442346, 11.061655)
(295018, 9.117614)
(105598, 8.863134)
(415538, 8.521023)
(270588, 8.474706)
(357154, 8.46634)
(479012, 8.44159)
(522987, 8.379682)
(2449, 8.371062)
(319632, 8.349699)Query: 319
(181557, 11.252644)
(14570, 11.078311)
(25320, 11.062434)
(74638, 11.062434)
(53236, 10.938632)
(91424, 10.938632)
(127473, 10.785303)
(127411, 10.761152)
(169340, 10.700282)
(58239, 10.608468)Query: 320
(47065, 43.552803)
(41124, 32.488677)
(29110, 30.503921)
(166763, 30.208968)
(29154, 30.043327)
(71765, 29.683775)
(285575, 29.600532)
(29153, 29.547514)
(166769, 29.353714)
(166764, 28.689117)Query: 321
(280168, 11.182554)
(507662, 11.097772)
(306168, 10.970888)
(498344, 10.929273)
(203913, 10.875981)
(356118, 10.667935)
(262877, 10.40593)
(318635, 10.356655)
(204051, 10.276029)
(125730, 10.145364)Query: 322
(397992, 12.742069)
(449934, 11.857693)
(362334, 11.568606)
(307112, 10.635463)
(211827, 10.215898)
(425382, 10.144344)
(489313, 10.069828)
(501825, 9.93571)
(257140, 9.841452)
(290039, 9.775594)Query: 323
(435700, 19.711571)
(339751, 17.315296)
(416395, 15.202085)
(416396, 15.104408)
(411668, 14.491707)
(434869, 14.314112)
(471562, 13.932284)
(264950, 13.399501)
(112308, 12.490194)
(410431, 12.436319)Query: 324
(41431, 16.881732)
(41632, 16.285511)
(54330, 15.398964)
(41525, 15.295371)
(28759, 15.166141)
(261188, 15.100546)
(294089, 15.063484)
(317089, 15.011475)
(343378, 14.996116)
(41576, 14.967989)Query: 325
(6877, 12.325247)
(486861, 12.318962)
(418546, 11.816147)
(394067, 11.803577)
(383683, 11.753295)
(383691, 11.753295)
(463769, 11.740725)
(501357, 11.608736)
(6876, 11.476747)
(260495, 11.426466)Query: 326
(385890, 18.2504)
(393583, 17.712967)
(329624, 17.676721)
(380930, 17.670375)
(380499, 17.605501)
(392814, 17.562757)
(323502, 17.337886)
(387219, 17.263762)
(233988, 16.962422)
(382331, 16.893191)Query: 327
(194049, 12.768114)
(516406, 12.563473)
(234810, 12.431918)
(461289, 12.402684)
(356057, 12.366141)
(348788, 11.99475)
(491349, 11.861432)
(127019, 11.817911)
(460136, 11.781453)
(258069, 11.518344)Query: 328
(206249, 22.381222)
(303116, 22.003676)
(495835, 19.466758)
(206000, 18.327731)
(454951, 17.535314)
(525695, 16.516207)
(377330, 14.872608)
(215047, 14.098122)
(424228, 12.261657)
(118816, 12.106794)Query: 329
(511627, 17.17403)
(525053, 17.06691)
(307960, 16.778299)
(310539, 15.740276)
(316454, 15.68112)
(527737, 15.394466)
(399705, 15.301151)
(489311, 14.976815)
(518349, 14.649834)
(318420, 14.117913)Query: 330
(27209, 20.396458)
(44174, 19.970165)
(44173, 19.899165)
(498376, 18.723372)
(27331, 18.648162)
(19399, 18.606918)
(74709, 18.455428)
(119267, 18.161528)
(7647, 18.14434)
(107300, 18.046085)Query: 331
(190827, 10.56505)
(192728, 10.164133)
(277459, 10.035221)
(297530, 9.907138)
(229752, 9.893837)
(323597, 9.763869)
(342671, 9.592053)
(286553, 9.565568)
(312780, 9.456142)
(265550, 9.382114)Query: 332
(509504, 18.908761)
(347031, 17.970333)
(45047, 17.77777)
(460930, 17.773205)
(211291, 17.374376)
(228581, 17.156317)
(384434, 17.097188)
(238203, 16.984119)
(303229, 16.839896)
(420144, 16.804767)Query: 333
(186189, 27.629087)
(329989, 25.958183)
(502164, 25.39746)
(301819, 25.158965)
(395939, 24.86675)
(176897, 24.385299)
(52250, 23.383342)
(282956, 22.353841)
(298993, 22.108145)
(443998, 21.967356)Query: 334
(322483, 16.653328)
(164260, 15.463589)
(367501, 13.746761)
(269583, 11.175155)
(132820, 10.950797)
(166445, 10.900626)
(120388, 9.442968)
(219404, 9.227168)
(21218, 9.225932)
(38197, 9.170112)Query: 335
(453825, 18.358037)
(494284, 18.339956)
(471286, 17.684898)
(136125, 17.509477)
(481371, 16.176864)
(453853, 13.932027)
(460629, 13.853019)
(501981, 13.406966)
(429890, 13.259007)
(481935, 12.991367)Query: 336
(469271, 11.794914)
(400741, 11.54405)
(362491, 11.355573)
(92257, 11.189213)
(448023, 11.077169)
(420019, 10.947348)
(168038, 10.846243)
(154450, 10.843675)
(474621, 10.670836)
(446998, 10.662555)Query: 337
(176698, 27.118526)
(25201, 24.809375)
(519682, 22.415288)
(61746, 22.258792)
(61661, 21.284507)
(25200, 21.173518)
(18755, 20.303764)
(18758, 19.890275)
(24317, 19.397209)
(71962, 19.286943)Query: 338
(247139, 20.60287)
(481505, 19.230329)
(236556, 18.723003)
(504083, 18.550459)
(474908, 16.259865)
(425786, 15.589146)
(519255, 15.534255)
(459653, 14.891241)
(487278, 14.83635)
(507393, 14.757934)Query: 339
(459504, 24.63287)
(290730, 23.300817)
(400484, 23.231852)
(278919, 23.210293)
(259463, 22.782087)
(208288, 21.788371)
(204947, 21.163)
(458727, 20.081885)
(166498, 19.288186)
(191985, 19.005752)Query: 340
(242225, 17.912749)
(519026, 17.826884)
(7716, 15.273019)
(338682, 14.786659)
(112659, 14.440082)
(237174, 13.939802)
(497961, 13.925099)
(339851, 13.081248)
(237013, 12.781744)
(457673, 12.510052)Query: 341
(518205, 10.546879)
(244021, 10.293674)
(21806, 10.221858)
(80425, 10.057682)
(456562, 10.035915)
(36708, 9.966539)
(456607, 9.917141)
(274533, 9.900899)
(6975, 9.862951)
(166960, 9.862091)Query: 342
(377093, 18.18763)
(25668, 17.266505)
(81976, 16.428155)
(242063, 15.9172)
(16580, 15.850491)
(295455, 15.821537)
(25553, 15.710396)
(306779, 15.700593)
(306761, 15.652317)
(58603, 15.571113)Query: 343
(523584, 11.130763)
(415101, 11.013915)
(201788, 10.958763)
(449176, 10.897734)
(520513, 10.872062)
(466978, 10.80736)
(364186, 10.709201)
(504289, 10.690238)
(447901, 10.682177)
(270086, 10.654739)Query: 344
(174766, 13.703455)
(377073, 13.316626)
(174767, 13.24022)
(174761, 13.103663)
(174764, 13.046629)
(205408, 13.038883)
(242195, 13.034928)
(174765, 12.853039)
(201290, 12.636638)
(174763, 12.258439)Query: 345
(206317, 15.442365)
(302418, 14.991487)
(278916, 14.796601)
(493017, 14.63427)
(326141, 14.14518)
(400249, 14.051646)
(266372, 13.771706)
(266298, 13.768696)
(347443, 13.657264)
(294065, 13.518826)Query: 346
(260341, 10.101814)
(173299, 10.1008)
(180679, 10.002005)
(138207, 9.897861)
(307255, 9.84016)
(134050, 9.690811)
(156135, 9.646434)
(156132, 9.605647)
(134011, 9.526938)
(12317, 9.499071)Query: 347
(461944, 17.869761)
(322263, 17.541646)
(294881, 16.772666)
(493986, 16.151478)
(458546, 15.086154)
(512234, 15.066996)
(155587, 15.042444)
(502478, 14.990269)
(7185, 14.873626)
(101104, 14.873626)Query: 348
(494200, 11.531439)
(505007, 6.862337)
(431635, 4.94043)
(444270, 4.646492)
(217306, 3.73076)
(386442, 3.154188)Query: 349
(113324, 14.362936)
(113362, 14.355652)
(416573, 14.239117)
(182952, 13.671009)
(152224, 12.986366)
(316943, 12.665895)
(187557, 12.578494)
(34260, 11.369443)
(161936, 11.333026)
(29622, 11.121807)Query: 350
(215306, 14.778539)
(520407, 14.601998)
(453444, 14.143124)
(405792, 13.705235)
(232584, 13.18204)
(511257, 12.884332)
(457580, 12.86337)
(172284, 12.676047)
(169651, 12.562158)
(376702, 12.466497)Query: 351
(318471, 19.28841)
(318254, 19.239577)
(216469, 19.215146)
(299698, 19.071306)
(262482, 18.999355)
(305509, 18.585598)
(251373, 18.524168)
(389983, 17.752184)
(209946, 17.264481)
(352193, 16.932107)Query: 352
(322054, 17.496128)
(294078, 16.73825)
(349788, 15.803155)
(356058, 15.281282)
(360933, 15.119662)
(395638, 14.836601)
(407837, 14.183482)
(287818, 13.522088)
(295211, 12.75851)
(242179, 12.39122)Query: 353
(341550, 19.611076)
(414638, 18.555018)
(341350, 18.404716)
(227426, 18.144662)
(231167, 17.837326)
(224628, 17.612734)
(495158, 17.409296)
(463445, 15.878727)
(137463, 14.84961)
(12434, 14.550888)Query: 354
(377928, 9.981803)
(81104, 9.754318)
(119091, 9.534686)
(95854, 9.502469)
(236945, 9.452731)
(95577, 9.397213)
(253029, 9.347591)
(55508, 9.230329)
(73888, 9.087005)
(348675, 9.009416)Query: 355
(29119, 20.558806)
(29696, 17.229827)
(93632, 14.732992)
(62148, 14.60807)
(459321, 13.169216)
(34215, 12.835739)
(121855, 12.713351)
(2633, 12.671779)
(34223, 12.570321)
(49816, 12.143036)Query: 356
(518242, 28.334467)
(408579, 28.145627)
(471087, 23.844546)
(424994, 23.321399)
(431857, 17.440976)
(515485, 17.386529)
(479947, 17.186893)
(431727, 17.041703)
(479944, 16.923736)
(503795, 16.279454)Query: 357
(235744, 15.353248)
(364601, 14.908158)
(253787, 14.89753)
(98095, 14.031792)
(100753, 13.850074)
(388727, 13.593388)
(47007, 13.422478)
(334933, 13.380128)
(305516, 13.25425)
(9003, 13.217116)Query: 358
(499519, 20.856533)
(517096, 20.634027)
(462684, 20.082169)
(462934, 19.78362)
(462215, 19.10541)
(500653, 18.964893)
(458623, 18.614817)
(406665, 18.007416)
(150896, 17.719596)
(150894, 17.574779)Query: 359
(34220, 13.103615)
(219251, 11.970144)
(473784, 11.935796)
(181489, 11.831034)
(143503, 11.042758)
(323804, 10.974063)
(251606, 10.955525)
(295579, 10.87488)
(348470, 10.797796)
(141176, 10.793709)Query: 360
(500270, 13.024677)
(517488, 12.578403)
(70299, 11.72225)
(117286, 11.72225)
(423831, 11.721824)
(326323, 11.497212)
(217708, 11.378535)
(22121, 11.376305)
(63944, 11.376305)
(75075, 11.333272)Query: 361
(445842, 21.12027)
(445872, 19.85956)
(487253, 19.694908)
(478219, 19.601029)
(515410, 19.268581)
(458349, 18.07531)
(416718, 16.645013)
(503497, 16.605104)
(471773, 14.663747)
(416819, 14.548902)Query: 362
(123760, 13.434573)
(446883, 12.548188)
(32732, 11.968606)
(269962, 11.960819)
(86758, 11.428405)
(39554, 11.337028)
(446074, 11.000437)
(489533, 10.937395)
(75584, 10.914065)
(88683, 10.822699)Query: 363
(202689, 17.061757)
(363088, 15.017773)
(236839, 14.961469)
(244847, 14.866861)
(514242, 14.693601)
(326034, 14.370532)
(301697, 14.358703)
(239266, 14.345176)
(348368, 14.243549)
(495176, 14.240325)Query: 364
(138902, 16.646098)
(138901, 16.253146)
(138903, 16.244786)
(109969, 16.144458)
(61726, 16.136097)
(138904, 16.119376)
(25159, 15.734785)
(487991, 15.651178)
(61744, 15.30839)
(485690, 15.024128)Query: 365
(498902, 22.923999)
(309495, 22.46138)
(504485, 22.46138)
(499215, 22.266593)
(363834, 19.527401)
(421937, 18.176065)
(451510, 17.469962)
(519586, 17.421266)
(265591, 15.015108)
(475425, 14.754239)Query: 366
(153823, 16.302104)
(153822, 16.056203)
(153821, 15.954876)
(462931, 14.844079)
(425609, 14.393371)
(443726, 14.375925)
(289214, 14.074727)
(405894, 13.888204)
(459092, 13.828223)
(483075, 13.623963)Query: 367
(392366, 14.123104)
(267150, 13.569961)
(190580, 13.483757)
(310943, 13.268247)
(368312, 13.217961)
(121646, 13.024002)
(267155, 12.959349)
(254027, 12.794124)
(21919, 12.70792)
(341087, 12.470859)Query: 368
(466348, 21.680225)
(445977, 20.159105)
(417761, 18.727967)
(426586, 18.596501)
(495627, 17.676432)
(481304, 17.165382)
(427835, 16.647277)
(410191, 16.464616)
(452614, 16.204819)
(473784, 16.155268)Query: 369
(428676, 33.719292)
(416705, 30.422083)
(241439, 21.658401)
(206317, 16.653576)
(415837, 14.293108)
(349659, 13.695143)
(316832, 13.298085)
(491570, 10.900523)
(472132, 10.887984)
(333222, 10.43171)Query: 370
(134158, 14.548369)
(162715, 13.776913)
(168630, 13.572399)
(68022, 13.530223)
(132710, 13.438183)
(77768, 13.24088)
(33478, 13.12008)
(152393, 13.006153)
(140728, 12.55688)
(134312, 12.552619)Query: 371
(21679, 13.747112)
(41707, 11.560783)
(104593, 11.560783)
(314710, 11.491417)
(329535, 11.398263)
(29676, 11.34846)
(421232, 11.338583)
(238308, 11.319272)
(506969, 11.294485)
(296390, 11.255457)Query: 372
(300956, 16.098834)
(276649, 13.871557)
(166028, 13.34569)
(390293, 13.320535)
(189959, 13.311113)
(172516, 13.168829)
(161500, 12.895201)
(166029, 12.858079)
(166044, 12.711952)
(166043, 12.585286)Query: 373
(270455, 20.423617)
(322483, 18.469415)
(154065, 18.323406)
(333876, 16.276818)
(245434, 16.273961)
(176521, 15.576661)
(295028, 15.289805)
(164260, 15.202341)
(132819, 15.120706)
(322378, 14.450477)Query: 374
(340337, 25.190312)
(516851, 24.56637)
(202028, 23.408227)
(282842, 22.540146)
(279312, 21.887239)
(478814, 21.856127)
(501701, 21.663172)
(407973, 21.636167)
(333204, 21.62014)
(256936, 21.450121)Query: 375
(52394, 17.342175)
(11123, 16.887238)
(5383, 16.794555)
(62179, 16.199151)
(62136, 16.098686)
(8245, 16.058316)
(50053, 15.850026)
(18993, 15.806404)
(369004, 15.788126)
(15007, 15.552373)Query: 376
(446447, 7.492692)
(463048, 7.25855)
(446582, 7.081783)
(390422, 7.032466)
(484050, 6.892848)
(445408, 6.870204)
(220425, 6.856944)
(369487, 6.856944)
(3611, 6.847454)
(340627, 6.843446)Query: 377
(468238, 22.179866)
(482855, 21.133859)
(303333, 20.735108)
(443626, 19.523311)
(513285, 19.082113)
(514454, 17.425317)
(397579, 17.010025)
(501665, 16.955632)
(272808, 16.782261)
(476207, 16.580803)Query: 378
(231949, 12.995961)
(256884, 12.044289)
(280156, 11.808956)
(266483, 11.80874)
(197589, 11.443283)
(191299, 11.414087)
(286978, 11.393606)
(204980, 11.341401)
(221678, 11.340718)
(280362, 11.290477)Query: 379
(524382, 10.219724)
(410208, 9.82585)
(351793, 9.584274)
(496824, 9.558016)
(30526, 9.521254)
(358566, 9.074863)
(514117, 9.011843)
(45906, 8.985585)
(433841, 8.817532)
(482750, 8.74926)Query: 380
(360256, 18.460048)
(417568, 17.114019)
(224004, 16.659735)
(484514, 16.171568)
(503593, 15.456641)
(210923, 15.408561)
(349214, 14.654611)
(511004, 14.107323)
(354547, 14.07355)
(246596, 13.897219)Query: 381
(167324, 13.076668)
(128104, 12.363127)
(147775, 11.95131)
(477258, 11.945508)
(336559, 10.704853)
(496427, 10.62588)
(118611, 10.471249)
(434468, 10.248267)
(439022, 9.948171)
(254594, 9.895944)Query: 382
(148284, 23.498835)
(5383, 23.054824)
(91286, 22.658965)
(62179, 22.639163)
(62182, 22.019328)
(148282, 20.906432)
(41251, 20.089676)
(172325, 19.822565)
(148283, 19.554375)
(11165, 19.25387)Query: 383
(419463, 19.803103)
(422366, 19.00865)
(432584, 18.75757)
(419467, 18.477404)
(414098, 17.558465)
(306460, 17.326329)
(459635, 17.303685)
(451476, 16.656634)
(526480, 16.563407)
(434980, 16.549883)Query: 384
(108, 21.930999)
(490082, 20.730309)
(483538, 20.302517)
(457979, 20.031268)
(246801, 19.107269)
(407021, 18.59827)
(442803, 18.469284)
(124948, 17.923714)
(519279, 17.779836)
(417082, 17.725069)Query: 385
(326063, 19.480604)
(62179, 16.997929)
(455558, 15.735343)
(91268, 15.602068)
(198081, 15.564951)
(393978, 15.357303)
(36995, 15.199975)
(338307, 15.082946)
(5383, 15.042719)
(154248, 14.071081)Query: 386
(444092, 18.348355)
(455313, 18.3371)
(156571, 18.009877)
(160492, 17.753269)
(445117, 17.429517)
(163501, 16.93622)
(417191, 16.8461)
(416350, 16.674445)
(504794, 16.434751)
(136770, 16.1667)Query: 387
(116996, 18.113641)
(94152, 18.005973)
(153830, 17.762867)
(153852, 17.749879)
(11088, 17.720421)
(153853, 17.680315)
(58433, 17.557111)
(100975, 17.343677)
(387417, 17.260731)
(101806, 17.232415)Query: 388
(100946, 14.530101)
(63834, 13.356166)
(457189, 13.12092)
(49946, 12.615313)
(156032, 12.613962)
(431367, 12.328437)
(405638, 12.158605)
(153858, 12.043585)
(153853, 11.962669)
(61435, 11.911927)Query: 389
(214812, 11.796888)
(81329, 11.229849)
(112343, 11.203255)
(75412, 11.200319)
(88537, 11.14425)
(260947, 11.143915)
(9991, 10.9711)
(279267, 10.861256)
(52349, 10.736772)
(86978, 10.734321)Query: 390
(471572, 17.7075)
(250233, 15.675592)
(430505, 14.686587)
(167452, 14.60408)
(400625, 14.568081)
(49742, 13.871638)
(461375, 13.366112)
(110607, 13.005928)
(487676, 12.827206)
(481250, 12.558123)Query: 391
(291328, 18.555705)
(367413, 18.21825)
(260116, 18.142972)
(245688, 17.733297)
(194365, 17.436624)
(239587, 17.307722)
(322762, 17.120479)
(353542, 17.05073)
(303360, 16.935878)
(371170, 16.770108)Query: 392
(283445, 13.421373)
(206883, 13.401732)
(392068, 13.303526)
(62219, 13.264244)
(80039, 13.179133)
(223035, 13.172586)
(447735, 13.080928)
(209101, 13.002364)
(241760, 12.98927)
(93631, 12.963082)Query: 393
(319655, 12.989437)
(99259, 12.857235)
(486041, 12.793696)
(438221, 12.752285)
(403997, 12.346258)
(187480, 12.330727)
(462184, 12.267557)
(50447, 12.262497)
(406386, 12.13086)
(420282, 11.916225)Query: 394
(436099, 7.524138)
(412812, 7.449828)
(478432, 7.371109)
(403924, 7.283359)
(396753, 7.274216)
(437045, 7.244338)
(468894, 7.230683)
(450188, 7.186031)
(452827, 7.10787)
(430060, 7.095603)Query: 395
(125000, 9.727216)
(31333, 9.56341)
(157354, 9.471871)
(119168, 9.462235)
(97674, 9.457417)
(115131, 9.438146)
(90351, 9.433328)
(28336, 9.418874)
(162541, 9.394785)
(86581, 9.365878)Query: 396
(368070, 24.157128)
(373724, 22.895839)
(367005, 22.396339)
(374292, 21.752254)
(486403, 21.212095)
(182963, 17.498883)
(182944, 17.355472)
(182947, 16.531994)
(183001, 15.585205)
(438819, 13.618028)Query: 397
(100564, 12.094964)
(437765, 11.739046)
(126435, 10.361528)
(89414, 10.200549)
(518803, 9.800703)
(71709, 9.464984)
(7227, 9.445949)
(58101, 9.217533)
(131613, 9.165188)
(92018, 9.093808)Query: 398
(353739, 17.750854)
(127092, 16.03494)
(103995, 15.900166)
(334544, 15.843183)
(328657, 15.738851)
(350043, 15.629655)
(350182, 15.609053)
(91353, 15.202791)
(108761, 15.159875)
(82588, 14.990716)Query: 399
(198552, 20.315226)
(348010, 19.935965)
(184024, 17.313786)
(153344, 16.339246)
(52510, 15.142529)
(80257, 15.142529)
(127702, 15.026445)
(143010, 13.723032)
(458799, 13.692245)
(153343, 13.253935)Query: 400
(517545, 28.205867)
(465865, 27.331425)
(486942, 26.52088)
(511711, 26.363152)
(476270, 26.147808)
(412610, 26.000286)
(470679, 25.993613)
(397788, 25.914721)
(506172, 24.673228)
(519057, 24.411417)Query: 401
(48161, 11.610016)
(241921, 11.228885)
(209949, 11.076782)
(342777, 11.04782)
(114363, 10.998596)
(77412, 10.890686)
(192117, 10.412313)
(82130, 10.300604)
(341938, 10.283154)
(197106, 10.268693)Query: 402
(513951, 16.722193)
(402343, 13.901292)
(170712, 13.455155)
(459516, 12.992517)
(451275, 12.356136)
(455364, 11.816698)
(442147, 11.542799)
(517895, 11.521031)
(356525, 11.474885)
(260728, 11.108056)Query: 403
(459190, 16.64519)
(179958, 16.24368)
(412872, 16.025469)
(179974, 15.981826)
(503795, 15.658873)
(521454, 14.724927)
(463170, 14.445616)
(421550, 14.288503)
(179975, 13.476756)
(509470, 12.176214)Query: 404
(100491, 16.627714)
(360639, 15.544278)
(46570, 15.321681)
(385810, 15.240542)
(46508, 15.021522)
(352902, 14.939531)
(304848, 14.843479)
(360631, 14.835353)
(354985, 14.826361)
(294863, 14.822775)Query: 405
(42535, 18.093177)
(93621, 15.675206)
(42536, 15.598081)
(41270, 15.034917)
(465815, 14.216026)
(42503, 12.987317)
(426346, 12.56406)
(448729, 12.356144)
(432642, 12.252186)
(498792, 11.762099)Query: 406
(426493, 20.956786)
(518387, 20.900613)
(472996, 20.864855)
(428510, 20.740353)
(207029, 19.599663)
(458727, 18.534888)
(511957, 18.130956)
(271601, 18.055685)
(396067, 17.693211)
(461762, 17.604388)Query: 407
(494486, 22.997873)
(239839, 19.207213)
(474621, 17.983106)
(271712, 17.232471)
(236858, 17.039687)
(402644, 15.934628)
(126841, 15.872556)
(406855, 15.85815)
(418193, 15.741441)
(11024, 15.69491)Query: 408
(428670, 20.039548)
(519944, 19.778822)
(400627, 19.237059)
(492654, 19.185303)
(397540, 18.96516)
(481516, 18.885517)
(402310, 18.639046)
(522135, 18.372649)
(497685, 17.925792)
(463536, 17.84508)Query: 409
(246766, 22.430748)
(365624, 21.326543)
(408022, 20.552019)
(496462, 20.449339)
(365749, 20.263045)
(402223, 19.766618)
(416985, 19.455984)
(514134, 19.289322)
(516750, 19.131993)
(367394, 18.955489)Query: 410
(116801, 19.596685)
(68943, 18.909919)
(18302, 18.35678)
(189470, 17.796148)
(269595, 17.229005)
(36448, 17.208864)
(278289, 17.184622)
(344097, 17.131424)
(212725, 17.054942)
(262295, 16.965075)Query: 411
(358761, 21.284426)
(222740, 17.294222)
(220049, 16.500295)
(378979, 16.255143)
(257953, 16.162365)
(484239, 15.75032)
(217306, 15.670012)
(478739, 14.456536)
(466430, 13.040258)
(178753, 12.723681)Query: 412
(518205, 10.546879)
(244021, 10.293674)
(21806, 10.221858)
(80425, 10.057682)
(456562, 10.035915)
(36708, 9.966539)
(456607, 9.917141)
(274533, 9.900899)
(6975, 9.862951)
(166960, 9.862091)Query: 413
(31297, 11.279561)
(126376, 11.085042)
(86969, 11.05132)
(92782, 10.995595)
(104732, 10.955242)
(79049, 10.934662)
(386162, 10.787569)
(96622, 10.755077)
(220394, 10.693212)
(220413, 10.693212)Query: 414
(504144, 22.940126)
(313036, 22.491265)
(391417, 22.280506)
(338167, 21.855396)
(442100, 21.237332)
(206312, 20.984463)
(318274, 20.787296)
(383964, 20.22934)
(64075, 20.195703)
(262132, 20.129507)Query: 415
(10872, 23.872217)
(320269, 23.663351)
(10814, 22.078929)
(34442, 20.202431)
(31184, 20.174963)
(82551, 19.907146)
(110398, 19.607949)
(507669, 19.124342)
(76529, 19.072623)
(206032, 18.88111)Query: 416
(77157, 19.746674)
(80068, 19.631397)
(121961, 19.500801)
(44850, 19.215138)
(5302, 19.211852)
(5334, 19.211852)
(10719, 19.095232)
(35156, 18.876741)
(77156, 18.723805)
(73562, 18.721674)Query: 417
(482443, 9.127895)
(124194, 8.983452)
(482427, 8.927538)
(229913, 8.7365)
(524285, 8.722522)
(49801, 8.671267)
(225498, 8.568759)
(484088, 8.526824)
(400568, 8.480229)
(479581, 8.405678)Query: 418
(451883, 15.355683)
(443614, 15.29567)
(449997, 15.108132)
(396245, 14.515509)
(468060, 14.245453)
(403382, 13.825366)
(411224, 13.660331)
(457714, 13.570313)
(247862, 13.180232)
(436510, 11.859958)Query: 419
(126953, 21.908585)
(126811, 20.078257)
(402906, 17.627323)
(94030, 16.741385)
(299462, 15.529859)
(156192, 15.349091)
(397310, 14.926281)
(427286, 14.616686)
(101072, 14.412204)
(502480, 14.330383)Query: 420
(515361, 31.191114)
(483110, 25.580779)
(506042, 25.530326)
(413145, 25.126319)
(474081, 24.528228)
(467075, 24.349239)
(523204, 23.50454)
(440685, 23.187783)
(441374, 22.711653)
(414340, 22.707757)Query: 421
(283137, 16.61481)
(224244, 16.366104)
(78199, 16.085809)
(39634, 15.957079)
(104761, 15.944567)
(321805, 15.819377)
(294051, 15.660221)
(329221, 15.305037)
(152213, 15.265095)
(335509, 15.203924)Query: 422
(519689, 17.987829)
(369826, 15.434672)
(351498, 15.020954)
(383172, 14.771919)
(385567, 14.771919)
(506524, 14.426479)
(430567, 14.211979)
(472316, 14.207425)
(440438, 14.058073)
(523317, 14.04558)Query: 423
(276433, 27.005703)
(378579, 25.558117)
(297712, 25.148387)
(66887, 23.221897)
(24740, 22.722006)
(121308, 22.67992)
(386181, 21.748534)
(297555, 21.607396)
(325965, 20.760207)
(276437, 20.227282)Query: 424
(446972, 10.192498)
(409407, 10.144646)
(33934, 10.091477)
(492960, 10.054258)
(515234, 10.038308)
(442520, 10.001089)
(381073, 9.995772)
(436647, 9.846899)
(520878, 9.841582)
(517447, 9.799047)Query: 425
(12400, 16.639676)
(114140, 16.452107)
(31802, 16.326702)
(443524, 16.262718)
(23396, 16.127168)
(404354, 15.870886)
(119877, 15.752912)
(409281, 15.417202)
(41411, 15.32054)
(58702, 15.156421)Query: 426
(466312, 17.159818)
(398499, 16.261862)
(396987, 16.040987)
(513717, 15.577897)
(492214, 15.40842)
(500196, 14.391029)
(421051, 14.008585)
(498949, 13.512535)
(225987, 13.064307)
(487170, 13.034159)Query: 427
(475584, 24.610627)
(135688, 22.278237)
(281843, 21.477228)
(188268, 18.932375)
(135690, 18.914118)
(363525, 18.129211)
(183046, 16.806996)
(135689, 16.150324)
(42533, 16.0441)
(31711, 15.8974)Query: 428
(328860, 15.340743)
(427354, 15.230507)
(54392, 14.846198)
(441687, 14.802773)
(15724, 14.385199)
(50745, 14.341974)
(329189, 14.037255)
(236416, 13.972601)
(459645, 13.682444)
(67329, 13.42493)Query: 429
(398308, 22.618258)
(468141, 22.567525)
(141235, 22.539534)
(502105, 22.301045)
(258498, 22.053458)
(141215, 22.015374)
(156067, 20.867352)
(141203, 20.826773)
(141194, 20.614072)
(440405, 19.916822)Query: 430
(524018, 27.329032)
(412388, 24.78112)
(425941, 23.91414)
(406057, 23.730652)
(342950, 22.150577)
(343543, 21.176032)
(481515, 21.117556)
(424472, 19.982803)
(488541, 19.100102)
(410003, 18.1372)Query: 431
(80039, 17.469391)
(25452, 16.850326)
(119629, 16.814578)
(95007, 16.592507)
(447735, 16.478879)
(209101, 16.157209)
(239969, 16.138053)
(71192, 15.866976)
(206883, 15.772009)
(250890, 15.486037)Query: 432
(447818, 14.699469)
(520945, 14.552249)
(295642, 14.209446)
(416265, 14.175823)
(451381, 13.871199)
(443535, 13.862745)
(354133, 13.808883)
(61084, 13.77162)
(469701, 13.763501)
(430018, 13.671111)Query: 433
(480968, 14.038158)
(190349, 13.352594)
(120089, 13.261101)
(500056, 12.879596)
(11741, 11.993411)
(69957, 11.830753)
(46534, 11.813905)
(41060, 11.693176)
(12278, 11.51065)
(439068, 11.199309)Query: 434
(328090, 13.974974)
(23452, 13.80745)
(88221, 13.747405)
(58990, 13.514119)
(124152, 13.368725)
(122794, 13.138627)
(16778, 12.984222)
(54754, 12.951743)
(329851, 12.863145)
(29790, 12.854631)Query: 435
(29906, 14.997555)
(496519, 14.86631)
(332163, 14.1026)
(61509, 14.015491)
(428729, 13.783807)
(404712, 13.2895)
(330600, 12.333197)
(248217, 12.256943)
(332365, 12.073126)
(395594, 11.927435)Query: 436
(94629, 15.827275)
(221677, 14.472253)
(225530, 14.4261)
(225523, 14.251848)
(488439, 14.043386)
(302139, 13.750571)
(40319, 13.725591)
(249550, 13.627871)
(274444, 13.590579)
(249554, 13.411568)Query: 437
(297181, 16.760036)
(241456, 16.525341)
(239017, 16.393371)
(331322, 15.94338)
(215596, 15.907234)
(246881, 15.777581)
(384293, 15.414637)
(287959, 15.304311)
(328496, 15.129076)
(287602, 15.084857)Query: 438
(8172, 11.476414)
(368930, 11.326337)
(248469, 11.303097)
(125000, 11.279568)
(198240, 11.244034)
(198212, 11.222276)
(491361, 11.195383)
(122154, 11.1151)
(48684, 10.942973)
(79773, 10.930575)Query: 439
(419931, 16.677001)
(494599, 15.871443)
(65943, 15.29091)
(292654, 15.203081)
(2777, 15.152624)
(370167, 15.048311)
(245059, 14.887209)
(66017, 14.808353)
(162320, 14.673199)
(162322, 14.345891)Query: 440
(472764, 14.210864)
(179221, 13.569936)
(503985, 13.162208)
(519998, 13.130243)
(470979, 12.695249)
(179219, 12.604199)
(179225, 12.417592)
(65361, 12.089012)
(179220, 11.740105)
(116517, 11.387326)Query: 441
(528010, 24.868507)
(466828, 24.319396)
(461254, 23.97453)
(488412, 23.910539)
(37063, 23.339945)
(504284, 22.871971)
(451716, 22.748342)
(449390, 21.948504)
(169762, 18.722358)
(101120, 16.898404)Query: 442
(76488, 10.722862)
(25956, 10.665673)
(57465, 10.665673)
(90084, 10.534139)
(115134, 10.488389)
(47651, 10.454352)
(43400, 10.271195)
(98022, 10.065193)
(113716, 9.922328)
(14524, 9.739218)Query: 443
(49905, 13.073948)
(408423, 12.38945)
(429950, 12.366888)
(510506, 12.185561)
(430877, 12.147001)
(9934, 12.119298)
(114877, 11.929185)
(125747, 11.637572)
(137479, 11.497017)
(434998, 11.462394)Query: 444
(101084, 25.236385)
(62228, 24.586276)
(331547, 22.453874)
(175028, 20.164509)
(174988, 18.972828)
(174985, 17.467546)
(25433, 15.477727)
(11143, 14.478698)
(62222, 14.438785)
(263166, 11.851388)Query: 445
(221130, 17.986086)
(441601, 16.994196)
(291410, 16.485188)
(389443, 15.515651)
(393303, 15.515651)
(324162, 15.209127)
(498344, 15.022769)
(457227, 15.018642)
(361155, 14.748078)
(416173, 14.684719)Query: 446
(5208, 14.024667)
(328831, 13.850568)
(55057, 13.783198)
(191741, 13.004239)
(224847, 12.953741)
(277682, 12.932248)
(262265, 12.74217)
(317085, 12.436491)
(192724, 12.360997)
(247142, 12.14331)Query: 447
(204810, 17.364936)
(204195, 17.360011)
(438030, 14.287321)
(357663, 14.112809)
(514856, 13.810022)
(501583, 13.588471)
(492776, 13.581086)
(242727, 13.558931)
(436345, 13.426)
(481297, 13.41123)Query: 448
(334249, 10.916984)
(356727, 10.663403)
(233841, 10.634838)
(320660, 10.616366)
(231010, 10.457983)
(322545, 10.456198)
(298321, 10.387242)
(344211, 10.317369)
(317609, 10.293538)
(201759, 10.126194)Query: 449
(176890, 14.560253)
(350325, 13.463417)
(52250, 13.287342)
(176897, 13.238999)
(186189, 13.011098)
(52249, 12.976568)
(502164, 12.619367)
(289214, 12.506953)
(366377, 12.472422)
(381570, 12.430985)Query: 450
(390850, 20.186612)
(350313, 20.085264)
(243563, 19.964961)
(271112, 19.811485)
(335140, 19.771911)
(300543, 19.762456)
(251474, 19.755473)
(248993, 19.661198)
(284764, 19.624325)
(452978, 19.583544)Query: 601
(99136, 20.170765)
(326835, 19.95425)
(230454, 19.855566)
(367299, 19.466658)
(111774, 18.868431)
(379561, 18.628508)
(287428, 18.479047)
(117055, 18.160107)
(232964, 18.058983)
(78505, 17.99342)Query: 602
(308246, 24.974741)
(374710, 23.464201)
(375904, 23.092875)
(79513, 23.066712)
(3881, 22.284539)
(191424, 21.034591)
(196159, 20.937615)
(213423, 20.556685)
(205375, 20.544152)
(361731, 20.519099)Query: 603
(420757, 24.655146)
(245313, 24.386049)
(419501, 24.088811)
(381321, 23.593516)
(199936, 23.399931)
(332162, 23.201132)
(494509, 22.704684)
(381196, 22.115668)
(392730, 21.878233)
(398190, 21.415397)Query: 604
(461254, 38.354034)
(466828, 32.679914)
(488412, 31.588416)
(504284, 26.872394)
(449390, 25.728721)
(528010, 24.868507)
(37063, 23.339945)
(451716, 22.748342)
(496346, 21.869022)
(495318, 20.733522)Query: 605
(402526, 18.024711)
(456694, 15.73274)
(344792, 14.0491)
(321249, 13.945537)
(290067, 13.575571)
(423561, 13.27953)
(525123, 13.120139)
(5444, 13.03452)
(283418, 12.983745)
(421473, 12.830817)Query: 606
(500927, 24.724845)
(433464, 22.186091)
(411472, 13.18123)
(480260, 12.517114)
(461127, 12.230653)
(470820, 12.133329)
(505815, 12.039678)
(91183, 11.572095)
(513842, 11.38385)
(307167, 11.140048)Query: 607
(377102, 19.676217)
(333392, 18.116234)
(462438, 18.065518)
(351166, 17.898485)
(491002, 17.713757)
(262519, 17.235486)
(474615, 16.415421)
(309552, 15.90192)
(290070, 15.8482)
(383818, 15.784649)Query: 608
(421619, 12.166244)
(464479, 11.888315)
(441388, 11.857184)
(437444, 11.855411)
(443009, 11.788385)
(483975, 11.749921)
(438861, 11.729002)
(342186, 11.728517)
(460458, 11.684188)
(283133, 11.677673)Query: 609
(4073, 22.853835)
(499295, 22.847004)
(467336, 21.165956)
(459130, 19.332442)
(96344, 18.233227)
(165443, 17.771337)
(121888, 17.615036)
(77514, 17.096543)
(116747, 16.585649)
(307077, 16.576036)Query: 610
(141649, 17.742912)
(393029, 17.660252)
(311340, 16.541416)
(305927, 16.424194)
(237314, 16.022716)
(300007, 15.825438)
(131713, 15.768151)
(307341, 15.752293)
(43137, 15.619422)
(300010, 15.579291)Query: 611
(48154, 22.179363)
(48128, 20.952791)
(48127, 20.246638)
(235807, 19.89158)
(7759, 19.368801)
(81985, 19.156391)
(48044, 18.976059)
(25595, 18.594258)
(80525, 18.36356)
(25490, 18.15675)Query: 612
(377210, 17.417317)
(441669, 17.372651)
(76736, 17.358852)
(259562, 16.839635)
(211285, 16.46857)
(518417, 16.453189)
(508680, 16.30526)
(499728, 15.981817)
(210006, 15.874918)
(47609, 15.818534)Query: 613
(438872, 15.483381)
(411853, 15.434498)
(423838, 15.403751)
(415495, 15.233874)
(432824, 15.230762)
(448577, 15.17197)
(524209, 15.156462)
(500072, 15.116978)
(509280, 15.042642)
(411666, 15.039199)Query: 614
(134351, 51.826709)
(180208, 48.6872)
(251744, 33.2027)
(326657, 25.501211)
(508214, 12.03861)
(497183, 11.955091)
(503520, 11.877538)
(522756, 11.782088)
(522759, 11.770157)
(479257, 11.704535)Query: 615
(381022, 19.550453)
(263952, 16.895338)
(206391, 15.720641)
(237356, 15.653821)
(219755, 15.589291)
(241170, 15.559586)
(516758, 15.551072)
(358845, 15.545411)
(337461, 15.533738)
(2462, 15.500445)Query: 616
(378969, 15.843377)
(366128, 15.13098)
(316011, 14.528903)
(69401, 14.188443)
(353943, 13.387314)
(285153, 12.9158)
(297329, 12.83073)
(279287, 12.780512)
(201656, 12.746489)
(335729, 12.742784)Query: 617
(391417, 17.083278)
(15596, 16.071473)
(67333, 15.927139)
(75601, 15.633742)
(52050, 15.332762)
(128463, 14.522242)
(111611, 13.993006)
(7970, 13.884717)
(5094, 13.864434)
(364598, 13.860726)Query: 618
(523715, 29.556344)
(495542, 29.324305)
(400010, 29.253897)
(434302, 27.395343)
(443593, 26.243299)
(405764, 26.17487)
(226280, 25.957825)
(523757, 25.879789)
(523714, 25.855218)
(421475, 25.787592)Query: 619
(495959, 29.407172)
(436802, 27.240308)
(447318, 25.822411)
(489629, 24.499621)
(206609, 24.424771)
(346476, 24.163692)
(463003, 24.150399)
(416659, 24.115117)
(399287, 24.010825)
(202592, 23.535667)Query: 620
(193622, 17.31926)
(293175, 17.101449)
(114915, 16.487241)
(72100, 16.455036)
(97074, 16.440128)
(308966, 16.427397)
(72021, 16.18843)
(116985, 16.164507)
(39949, 16.15905)
(6371, 16.074058)Query: 621
(238806, 30.288895)
(200305, 30.266595)
(439069, 29.741162)
(242084, 29.618122)
(191835, 29.496031)
(498344, 27.057661)
(315849, 25.919572)
(199275, 24.251668)
(252672, 23.515634)
(457227, 23.509189)Query: 622
(208267, 9.65635)
(379320, 9.637791)
(154103, 9.554496)
(349231, 9.553619)
(501108, 9.476049)
(517424, 9.439094)
(322666, 9.360104)
(262595, 9.344012)
(369862, 9.337384)
(431108, 9.276086)Query: 623
(91457, 21.727245)
(21213, 20.354674)
(112841, 20.052604)
(126758, 20.052604)
(91361, 20.026)
(22003, 19.768543)
(24495, 19.353189)
(88723, 19.013045)
(22072, 19.012526)
(25377, 19.012526)Query: 624
(273025, 23.895819)
(404079, 23.554756)
(206390, 23.402584)
(422302, 23.198044)
(437070, 23.196912)
(418861, 21.973829)
(431065, 21.595689)
(478709, 21.262364)
(515516, 20.639502)
(483853, 20.541768)Query: 625
(57333, 25.809797)
(127587, 21.794247)
(20655, 21.766296)
(233710, 20.209273)
(201260, 18.208745)
(218552, 17.79615)
(55212, 17.151739)
(367850, 16.769601)
(367881, 14.932396)
(275471, 13.735495)Query: 626
(252147, 13.010574)
(388106, 13.010574)
(299012, 12.65382)
(455077, 12.581014)
(121600, 12.4354)
(430490, 12.071366)
(518931, 11.99125)
(491931, 10.986545)
(231786, 10.877335)
(406841, 10.840931)Query: 627
(310246, 14.660405)
(13209, 12.465423)
(308779, 11.982413)
(343921, 11.651717)
(72777, 11.569685)
(21334, 11.535879)
(399885, 11.523254)
(476760, 11.428977)
(316371, 11.30823)
(402033, 11.281412)Query: 628
(469266, 22.272445)
(478855, 22.20392)
(438741, 22.19404)
(399657, 21.994841)
(409903, 21.95586)
(438621, 21.898278)
(448539, 21.837829)
(513798, 21.667734)
(404556, 21.489648)
(514974, 20.965624)Query: 629
(513284, 22.431942)
(514254, 20.526104)
(219350, 19.545229)
(282990, 19.485824)
(424838, 18.991018)
(500192, 18.654332)
(526770, 18.553481)
(459944, 18.54649)
(394041, 18.490668)
(497687, 18.481391)Query: 630
(37032, 18.293617)
(24411, 18.109836)
(385215, 17.703707)
(392142, 16.449085)
(441988, 15.035586)
(493520, 14.913358)
(39625, 12.909327)
(52533, 12.872045)
(357375, 12.369911)
(496341, 11.97963)Query: 631
(124108, 24.205162)
(129436, 24.031499)
(61203, 23.971205)
(9568, 23.618887)
(129433, 23.39153)
(67395, 23.333456)
(125946, 23.285047)
(53872, 23.262214)
(47325, 23.255292)
(505376, 23.248839)Query: 632
(370292, 20.046992)
(205920, 19.684288)
(255024, 18.65192)
(229831, 18.148908)
(347410, 17.583349)
(341684, 17.50069)
(214536, 17.044386)
(108684, 16.912585)
(365863, 16.886156)
(382536, 16.81925)Query: 633
(306521, 20.620953)
(216541, 19.019665)
(391028, 18.624694)
(212438, 17.827873)
(308606, 17.693356)
(320599, 16.785249)
(394983, 15.990758)
(209445, 15.878027)
(394215, 15.798311)
(212205, 15.031182)Query: 634
(445021, 27.342287)
(508857, 26.773937)
(511941, 26.442683)
(520458, 25.613607)
(509558, 24.792999)
(510316, 24.025654)
(431152, 22.788732)
(444587, 22.691333)
(425343, 22.399061)
(520503, 22.222207)Query: 635
(439199, 18.541543)
(405733, 17.965657)
(515316, 17.512259)
(439198, 17.137452)
(516646, 17.052101)
(434689, 16.545099)
(277508, 16.340844)
(439197, 15.671778)
(512829, 14.725549)
(411802, 14.424509)Query: 636
(166147, 21.07441)
(447328, 19.194857)
(166146, 16.819651)
(402649, 14.826368)
(420255, 14.443812)
(489760, 14.326684)
(464896, 13.827933)
(400883, 13.802975)
(428460, 13.786441)
(407553, 13.661847)Query: 637
(481244, 28.003263)
(465608, 23.229039)
(456165, 21.161044)
(420091, 21.092537)
(349588, 20.992563)
(513667, 20.763452)
(105404, 20.616159)
(513616, 20.375091)
(428830, 20.192434)
(259947, 20.1488)Query: 638
(441829, 11.8835)
(242330, 11.630356)
(528012, 11.601479)
(307583, 11.395475)
(246335, 10.811972)
(467607, 10.778128)
(440957, 10.433107)
(522322, 10.342303)
(500865, 10.312926)
(478604, 10.213498)Query: 639
(296433, 14.214244)
(388939, 12.674677)
(389200, 12.559596)
(352223, 12.409977)
(391267, 12.025551)
(354670, 11.856859)
(32847, 11.856685)
(383991, 11.71834)
(378142, 11.574071)
(231644, 11.491367)Query: 640
(227016, 19.296002)
(279957, 18.52851)
(221945, 17.662876)
(389947, 17.081079)
(384862, 16.712461)
(51127, 16.384302)
(232694, 16.102482)
(187094, 15.851524)
(360130, 15.530209)
(212727, 15.339799)Query: 641
(507864, 24.639818)
(525836, 23.227777)
(523697, 21.247484)
(413925, 19.944936)
(505704, 19.737795)
(444706, 19.575541)
(448144, 19.344251)
(444954, 18.210654)
(401411, 18.124297)
(525557, 18.052089)Query: 642
(44803, 22.894728)
(213792, 22.322761)
(207016, 21.622419)
(190935, 20.829838)
(73631, 20.400662)
(35038, 20.348395)
(299293, 20.332729)
(228283, 20.161565)
(7057, 19.629474)
(7214, 19.460503)Query: 643
(150975, 25.077592)
(136714, 23.096631)
(289553, 22.636094)
(330558, 22.211038)
(424041, 21.892312)
(177345, 21.266605)
(234703, 20.793166)
(130723, 20.424828)
(139271, 19.672053)
(153144, 19.210452)Query: 644
(453815, 17.75179)
(158490, 17.313429)
(311127, 17.163724)
(454624, 16.187976)
(396998, 16.022826)
(160853, 15.455493)
(158492, 15.374429)
(158506, 14.866008)
(158493, 14.548941)
(418973, 14.332423)Query: 645
(392366, 23.17748)
(310943, 22.268324)
(254027, 21.400533)
(233784, 21.275161)
(85968, 21.232801)
(21919, 20.712514)
(300030, 20.707449)
(194880, 20.643689)
(306558, 20.588699)
(193091, 20.505204)Query: 646
(408560, 17.161703)
(408511, 16.683024)
(416007, 16.643966)
(461067, 16.500677)
(484680, 16.168132)
(400528, 16.061308)
(172924, 15.815941)
(168417, 15.542447)
(172922, 15.429663)
(172925, 15.401812)Query: 647
(428754, 16.943077)
(470052, 16.850452)
(34360, 15.423376)
(419598, 14.811575)
(41157, 14.478703)
(299640, 13.787848)
(328959, 13.18921)
(496657, 13.034245)
(460172, 12.995265)
(226812, 12.497942)Query: 648
(150934, 11.625801)
(150929, 11.317802)
(420702, 10.707093)
(169417, 10.670292)
(173010, 10.667225)
(150931, 10.580022)
(227574, 10.520272)
(502527, 10.507541)
(150933, 10.435878)
(473084, 10.413248)Query: 649
(387801, 19.497811)
(1489, 19.231799)
(34658, 18.868996)
(424867, 18.569093)
(304997, 18.393839)
(250889, 18.31516)
(490133, 17.963488)
(126513, 17.252229)
(298151, 17.232507)
(208181, 16.766404)Query: 650
(460930, 21.821864)
(228581, 20.983091)
(3224, 20.392372)
(420144, 20.355172)
(417455, 20.06982)
(430820, 18.794972)
(427648, 18.337196)
(445716, 18.296923)
(496950, 18.289689)
(404902, 18.203476)Query: 651
(2759, 14.819708)
(519196, 13.800266)
(67061, 13.439152)
(521314, 13.24846)
(243811, 13.066614)
(121183, 12.704029)
(121315, 12.702163)
(500994, 12.484082)
(501034, 12.458019)
(52773, 12.323456)Query: 652
(60106, 19.809069)
(34707, 16.932713)
(47541, 16.654657)
(12679, 16.390995)
(14299, 16.347051)
(113652, 16.224009)
(113121, 16.171277)
(105953, 16.127333)
(29461, 16.118544)
(41103, 16.057023)Query: 653
(439732, 29.801764)
(106950, 29.36534)
(20248, 28.275962)
(57445, 28.275962)
(311319, 28.248547)
(32996, 27.55571)
(58645, 27.55571)
(379341, 26.910862)
(309588, 26.738805)
(351859, 26.613889)Query: 654
(466438, 15.021633)
(517185, 14.875003)
(457956, 14.830708)
(491971, 13.962609)
(199255, 13.529361)
(370912, 13.300795)
(423422, 12.901468)
(281052, 12.865215)
(439751, 12.68789)
(471725, 12.505247)Query: 655
(131111, 17.730219)
(182042, 17.37753)
(131952, 14.416771)
(176563, 14.388979)
(175210, 14.239059)
(24284, 14.054194)
(502585, 13.969791)
(196930, 13.929666)
(61643, 13.913635)
(146681, 13.852073)Query: 656
(517627, 17.570439)
(436680, 17.454791)
(487020, 17.411102)
(139022, 16.294971)
(161505, 15.86172)
(181489, 15.073221)
(181486, 14.958628)
(139002, 14.739358)
(526801, 14.52796)
(415866, 14.477095)Query: 657
(415798, 19.954493)
(464621, 18.708409)
(400243, 15.906624)
(486712, 15.728049)
(400354, 15.506671)
(2211, 13.973728)
(319777, 13.332241)
(438980, 13.246722)
(370558, 12.688896)
(68670, 12.383858)Query: 658
(365610, 17.178471)
(293121, 15.133415)
(408143, 15.041475)
(348664, 14.055112)
(207907, 14.017929)
(185207, 13.571735)
(102332, 13.120874)
(181583, 12.183196)
(301345, 11.886113)
(60770, 11.800788)Query: 659
(457072, 15.487465)
(24927, 14.111281)
(377340, 13.7387)
(407750, 13.670792)
(377342, 13.458509)
(389712, 12.846832)
(505000, 12.727793)
(379305, 12.400354)
(20755, 11.913668)
(111202, 11.913668)Query: 660
(459859, 21.726364)
(406690, 21.716409)
(436838, 20.90769)
(423721, 20.787043)
(437373, 20.467467)
(434344, 20.053573)
(434396, 19.30846)
(335763, 19.281641)
(455537, 19.214184)
(261891, 18.539312)Query: 661
(222280, 24.07396)
(420148, 21.000089)
(462406, 19.360063)
(151542, 18.994991)
(480863, 18.215618)
(414476, 17.467491)
(411650, 17.075619)
(415457, 15.789163)
(290735, 15.678685)
(277086, 14.033557)Query: 662
(434672, 16.580412)
(413874, 15.188209)
(458322, 14.626628)
(205410, 14.366256)
(442716, 14.141626)
(427889, 13.47794)
(523527, 13.273729)
(412021, 13.103552)
(491977, 13.0525)
(176356, 13.043156)Query: 663
(411508, 20.049716)
(424639, 17.309173)
(143603, 17.094223)
(487024, 16.264805)
(514723, 15.818334)
(131992, 15.421336)
(504794, 15.172135)
(142259, 15.116964)
(486312, 15.08463)
(212441, 14.209298)Query: 664
(514604, 21.197204)
(399889, 20.357568)
(518286, 20.090253)
(518303, 20.090253)
(464157, 19.509117)
(511880, 19.301681)
(453360, 19.24801)
(400177, 17.726615)
(165683, 17.509141)
(427809, 17.007531)Query: 665
(348474, 21.844575)
(515988, 20.589397)
(438816, 20.511749)
(419222, 20.182828)
(118105, 18.680349)
(244036, 18.636479)
(248527, 18.538093)
(248272, 17.384375)
(60483, 17.008532)
(284874, 16.981754)Query: 666
(453702, 15.379361)
(451054, 15.136148)
(353950, 15.083548)
(418736, 14.444883)
(444066, 14.200012)
(407766, 13.798234)
(421946, 13.790655)
(466952, 13.694124)
(192564, 13.658096)
(191151, 13.597706)Query: 667
(443418, 21.641186)
(409360, 18.776288)
(459645, 18.362923)
(276499, 17.841208)
(519919, 17.660596)
(512373, 15.947622)
(470394, 14.972481)
(243812, 14.683529)
(482164, 13.975086)
(143721, 13.54717)Query: 668
(368823, 13.923384)
(24330, 13.635768)
(61596, 13.17868)
(61719, 13.150452)
(94812, 13.150452)
(24440, 13.047105)
(416139, 12.265849)
(445952, 12.156811)
(328147, 12.123462)
(311366, 12.076386)Query: 669
(19302, 16.803798)
(35395, 16.803798)
(105733, 16.688305)
(1987, 16.260682)
(19169, 16.097403)
(19385, 16.054505)
(13540, 15.803446)
(14516, 15.791144)
(105930, 15.756161)
(109457, 15.710706)Query: 670
(489066, 15.357343)
(430242, 14.503615)
(450992, 14.052321)
(292369, 13.717934)
(228589, 12.85768)
(464132, 12.722671)
(450993, 12.688795)
(102526, 12.52275)
(246995, 12.00752)
(87878, 11.989018)Query: 671
(272366, 16.865071)
(468036, 16.733381)
(457798, 16.654287)
(233936, 16.408546)
(354591, 16.347091)
(234784, 16.23296)
(256052, 16.004698)
(397876, 15.908125)
(226780, 15.904584)
(228651, 15.895144)Query: 672
(525386, 20.225878)
(396267, 19.285786)
(416833, 18.418676)
(489512, 17.906831)
(438088, 16.548306)
(425916, 16.539626)
(479354, 16.372748)
(481167, 15.174933)
(215515, 14.981758)
(39626, 14.881589)Query: 673
(474227, 21.516308)
(515971, 20.617574)
(474618, 20.337405)
(447273, 20.318913)
(488300, 20.114007)
(516367, 20.105181)
(474090, 19.8832)
(474166, 19.843883)
(514536, 19.803307)
(451279, 19.585934)Query: 674
(271369, 18.763819)
(351098, 13.346162)
(95571, 13.081681)
(432924, 13.034209)
(271608, 12.878233)
(240452, 12.857888)
(523772, 12.769728)
(402364, 12.729038)
(437690, 12.715475)
(364990, 12.69513)Query: 675
(496322, 21.136122)
(492238, 21.045285)
(428555, 20.736934)
(410954, 20.082333)
(440641, 19.73038)
(406154, 19.631611)
(495461, 19.58058)
(504293, 19.411788)
(521911, 18.913851)
(443307, 18.464317)Query: 676
(70291, 23.41602)
(75125, 22.862339)
(26545, 22.299405)
(110213, 22.299405)
(70295, 21.311952)
(82790, 21.203472)
(10808, 20.996547)
(53870, 20.467395)
(75008, 20.467395)
(77622, 19.653445)Query: 677
(322714, 31.538581)
(420017, 31.119389)
(214918, 29.709982)
(319664, 29.436406)
(214444, 28.461307)
(252456, 27.588652)
(464173, 22.437395)
(507609, 22.067229)
(229731, 21.901032)
(438729, 21.11027)Query: 678
(416982, 15.119031)
(472739, 13.5366)
(502019, 12.873004)
(325293, 12.472999)
(407655, 12.311354)
(472738, 11.878116)
(156327, 11.613272)
(148930, 11.589437)
(444332, 11.558988)
(8956, 11.446516)Query: 679
(494284, 11.82822)
(494282, 11.699101)
(502646, 11.127785)
(452781, 10.853452)
(523071, 10.632568)
(453853, 10.527473)
(460624, 9.193739)
(471286, 9.082649)
(54720, 9.081939)
(36672, 9.060648)Query: 680
(437580, 15.954186)
(398604, 15.042379)
(434648, 15.033525)
(527547, 14.927277)
(237949, 14.220619)
(403946, 14.111685)
(458184, 14.002485)
(406478, 13.964299)
(363543, 13.453866)
(454334, 13.294104)Query: 681
(39496, 14.279662)
(34360, 14.15411)
(42394, 13.086999)
(41152, 12.875068)
(455417, 12.221921)
(320513, 11.895462)
(339704, 11.775321)
(302880, 11.687132)
(302864, 11.667075)
(202212, 11.656418)Query: 682
(415170, 16.318773)
(433640, 16.31062)
(479436, 15.679268)
(411379, 15.316096)
(167813, 15.178995)
(167805, 15.161196)
(167773, 14.984119)
(167786, 14.69352)
(434377, 14.13617)
(400263, 13.84714)Query: 683
(17471, 14.695478)
(72660, 14.640657)
(31855, 11.131095)
(22045, 10.620159)
(25314, 10.620159)
(398849, 10.469847)
(492937, 10.331284)
(505170, 10.253688)
(404628, 10.225975)
(225319, 10.048614)Query: 684
(511016, 7.920938)
(134213, 7.869119)
(148907, 7.750991)
(393030, 7.718731)
(386817, 7.431273)
(336577, 7.355375)
(134212, 7.213322)
(322906, 7.197364)
(395577, 7.177949)
(265748, 7.169395)Query: 685
(467440, 16.689572)
(447485, 16.181306)
(467441, 16.180973)
(517743, 16.174713)
(445409, 15.976621)
(505711, 15.936092)
(517526, 15.932859)
(422184, 14.149879)
(504637, 14.033556)
(516270, 14.024887)Query: 686
(225921, 19.449393)
(197188, 18.67356)
(270283, 18.240774)
(300036, 17.581533)
(197191, 17.356692)
(375711, 17.278812)
(300043, 16.878091)
(188311, 16.105591)
(325718, 15.863969)
(309570, 15.594879)Query: 687
(372147, 16.610467)
(267147, 16.5136)
(329268, 16.489457)
(190804, 16.411312)
(329272, 16.400406)
(342768, 16.127766)
(224868, 16.089426)
(218019, 15.824561)
(329266, 15.796752)
(324570, 15.715798)Query: 688
(147886, 15.650867)
(147884, 14.645965)
(419137, 14.35679)
(78504, 14.266258)
(423141, 14.188862)
(180169, 13.677204)
(419135, 13.459491)
(156004, 13.439889)
(99752, 13.410324)
(98006, 13.350713)Query: 689
(488545, 10.858345)
(101473, 10.566205)
(505109, 10.381059)
(471730, 10.221377)
(133290, 10.170941)
(168246, 10.064587)
(495113, 9.941515)
(397272, 9.941061)
(101474, 9.927814)
(472982, 9.836324)Query: 690
(222816, 15.271674)
(378793, 13.400503)
(480272, 13.212177)
(498309, 13.005846)
(208988, 12.858624)
(1454, 12.776746)
(512730, 12.56033)
(1518, 12.541153)
(58110, 12.393991)
(261171, 12.392996)Query: 691
(39722, 16.875445)
(207019, 15.702987)
(206858, 15.667405)
(442332, 15.181352)
(457601, 14.6656)
(466749, 14.60502)
(94024, 14.259062)
(419859, 14.147167)
(234707, 13.673549)
(290547, 13.670034)Query: 692
(398450, 27.158613)
(290047, 27.051028)
(322429, 26.301773)
(527463, 25.775656)
(434339, 25.420609)
(250972, 24.496719)
(340224, 24.390785)
(423726, 24.213116)
(244242, 23.487163)
(35054, 23.306415)Query: 693
(349669, 15.848183)
(302924, 15.400559)
(237044, 14.979202)
(49458, 14.946823)
(126506, 14.942961)
(274003, 14.571796)
(213778, 14.078738)
(248978, 13.921635)
(289091, 13.906501)
(235867, 13.840984)Query: 694
(158502, 21.798442)
(178432, 19.801213)
(516578, 19.622647)
(158486, 19.171458)
(468559, 18.409777)
(178434, 18.367639)
(420984, 17.399659)
(522880, 17.005408)
(432459, 16.576979)
(427582, 16.302832)Query: 695
(525730, 25.593946)
(440361, 22.252896)
(194370, 21.926095)
(201539, 21.600434)
(390418, 20.74661)
(499872, 19.800948)
(506134, 19.426338)
(257956, 19.409543)
(497348, 19.302993)
(346986, 19.007467)Query: 696
(493897, 17.306628)
(479916, 17.197485)
(513168, 16.697337)
(411790, 16.550839)
(520450, 16.164096)
(319774, 15.659093)
(452813, 15.40744)
(211203, 15.270282)
(472990, 15.24917)
(415646, 14.499048)Query: 697
(320167, 15.661159)
(370009, 15.615497)
(398680, 15.313312)
(243378, 15.217737)
(97362, 15.09897)
(320164, 15.007368)
(298953, 14.936312)
(320258, 14.926444)
(188673, 14.910198)
(345768, 14.798037)Query: 698
(61250, 18.414924)
(442348, 15.278781)
(475687, 15.185918)
(322694, 14.734536)
(95208, 13.887468)
(156140, 13.389622)
(485907, 13.375938)
(145889, 13.259626)
(156139, 13.191207)
(141797, 13.081736)Query: 699
(379570, 7.716537)
(454754, 7.714894)
(482705, 7.504526)
(452174, 7.489308)
(441604, 7.47961)
(458594, 7.468164)
(426320, 7.438534)
(489922, 7.432621)
(519299, 7.399476)
(512231, 7.37888)Query: 700
(472340, 15.794234)
(485485, 14.762973)
(136196, 14.071816)
(74015, 14.038851)
(171319, 14.011261)
(142424, 13.950718)
(178070, 13.89286)
(170115, 13.826307)
(398005, 13.794234)
(457135, 13.737804)